0 0.647203947368421 0.458414554905783 0.027777777777777776 0.04580896686159844
0 0.546875 0.744314489928525 0.025584795321637425 0.044184535412605586
0 0.39016812865497075 0.18551007147498375 0.021747076023391813 0.037686809616634176
0 0.5333516081871345 0.6783625730994152 0.025219298245614034 0.0451591942820013
0 0.4754203216374269 0.8463287849252762 0.0268640350877193 0.04905782975958414
0 0.6102887426900585 0.5527940220922677 0.024305555555555556 0.04028589993502274
0 0.26745248538011696 0.6286549707602339 0.03033625730994152 0.049707602339181284
0 0.2240497076023392 0.5334632878492528 0.025767543859649123 0.0451591942820013
0 0.7464364035087719 0.8243989603638726 0.038011695906432746 0.06855100714749837
0 0.07958698830409357 0.9002599090318388 0.02722953216374269 0.04678362573099415
0 0.7413194444444444 0.11306042884990253 0.030153508771929825 0.05360623781676413
0 0.11741593567251463 0.8450292397660819 0.018092105263157895 0.029889538661468484
0 0.2522843567251462 0.5334632878492528 0.028326023391812866 0.04873294346978557
0 0.48291301169590645 0.8823911630929174 0.019919590643274854 0.042884990253411304
0 0.35471491228070173 0.9142300194931774 0.0268640350877193 0.04938271604938271
0 0.1112938596491228 0.8983105912930475 0.02540204678362573 0.04028589993502274
0 0.7232273391812866 0.10152696556205328 0.026498538011695907 0.05198180636777128
0 0.0756578947368421 0.9363222871994802 0.029239766081871343 0.04905782975958414
0 0.5338084795321637 0.01608187134502924 0.026498538011695907 0.03216374269005848
0 0.22660818713450293 0.7735542560103964 0.026133040935672515 0.05263157894736842
0 0.8086622807017544 0.28703703703703703 0.019554093567251463 0.02794022092267706
0 0.5034722222222222 0.5700129954515919 0.013888888888888888 0.023066926575698504
0 0.25109649122807015 0.31806367771280053 0.03070175438596491 0.05230669265756985
0 0.36421783625730997 0.8019818063677713 0.02850877192982456 0.05490578297595841
0 0.3487755847953216 0.5938921377517868 0.03033625730994152 0.04938271604938271
0 0.05116959064327485 0.599090318388564 0.03125 0.04613385315139701
0 0.7498172514619883 0.2378167641325536 0.025767543859649123 0.04191033138401559
0 0.8333333333333334 0.6132228719948019 0.027777777777777776 0.04775828460038986
0 0.14035087719298245 0.7871994801819363 0.03654970760233918 0.06692657569850552
0 0.6979166666666666 0.35510071474983756 0.02722953216374269 0.04775828460038986
0 0.2772295321637427 0.8648473034437947 0.029970760233918127 0.05328135152696556
0 0.29486476608187134 0.6124106562703054 0.022478070175438597 0.038011695906432746
0 0.6517726608187134 0.4899285250162443 0.029605263157894735 0.043859649122807015
0 0.3498720760233918 0.6561078622482132 0.0222953216374269 0.04191033138401559
0 0.9692068713450293 0.34827810266406756 0.03344298245614035 0.06335282651072124
0 0.296875 0.40497076023391815 0.03070175438596491 0.05328135152696556
0 0.34502923976608185 0.6257309941520468 0.03508771929824561 0.057504873294346975
0 0.024305555555555556 0.4567901234567901 0.02412280701754386 0.03151397011046134
0 0.9144736842105263 0.15692007797270954 0.04331140350877193 0.0714749837556855
0 0.21591739766081872 0.9359974009096816 0.030519005847953216 0.05230669265756985
0 0.7942251461988304 0.22547108512020791 0.025950292397660817 0.04580896686159844
0 0.4102704678362573 0.05799220272904483 0.024305555555555556 0.043534762833008445
0 0.27092470760233917 0.16244314489928524 0.028326023391812866 0.056530214424951264
0 0.2976059941520468 0.8235867446393762 0.019371345029239765 0.03378817413905133
0 0.12938596491228072 0.08966861598440545 0.031432748538011694 0.05230669265756985
0 0.2513706140350877 0.36208576998050684 0.03271198830409357 0.05198180636777128
0 0.8073830409356725 0.9418453541260559 0.02887426900584795 0.04613385315139701
0 0.5455043859649122 0.8302469135802469 0.021929824561403508 0.04256010396361273
0 0.36449195906432746 0.2932098765432099 0.025950292397660817 0.04678362573099415
0 0.6064510233918129 0.9740090968161144 0.02138157894736842 0.03443794671864847
0 0.4355811403508772 0.13304093567251463 0.026133040935672515 0.048408057179987
0 0.5791301169590644 0.4437946718648473 0.023391812865497075 0.037361923326835605
0 0.13523391812865498 0.6098115659519169 0.02631578947368421 0.04061078622482131
0 0.6369700292397661 0.14554905782975958 0.030884502923976608 0.05490578297595841
0 0.31030701754385964 0.9649122807017544 0.023391812865497075 0.04158544509421702
0 0.19791666666666666 0.4559779077322937 0.0266812865497076 0.04483430799220273
0 0.08315058479532164 0.6988304093567251 0.02320906432748538 0.03541260558804418
0 0.4522112573099415 0.8680961663417803 0.023757309941520467 0.0451591942820013
0 0.7185672514619883 0.6518843404808317 0.028326023391812866 0.04938271604938271
0 0.29870248538011696 0.3646848602988954 0.02540204678362573 0.037361923326835605
0 0.5791301169590644 0.41975308641975306 0.0268640350877193 0.04483430799220273
0 0.8645833333333334 0.8039311241065628 0.02412280701754386 0.0396361273554256
0 0.11960891812865497 0.6700779727095516 0.025950292397660817 0.04223521767381416
0 0.3930921052631579 0.04857050032488629 0.02448830409356725 0.044184535412605586
0 0.4129203216374269 0.11127355425601039 0.027595029239766082 0.048408057179987
0 0.15369152046783627 0.6098115659519169 0.023391812865497075 0.038011695906432746
0 0.44088084795321636 0.09567901234567901 0.028326023391812866 0.050032488628979854
0 0.56734283625731 0.3689083820662768 0.01608187134502924 0.031189083820662766
0 0.2616045321637427 0.957277452891488 0.023574561403508772 0.04580896686159844
0 0.8734466374269005 0.18583495776478232 0.039473684210526314 0.0714749837556855
0 0.43722587719298245 0.1752761533463288 0.03326023391812866 0.05490578297595841
0 0.5657894736842105 0.5323261858349577 0.02905701754385965 0.05328135152696556
0 0.6891447368421053 0.582521117608837 0.02850877192982456 0.049707602339181284
0 0.6196089181286549 0.2597465886939571 0.027595029239766082 0.04613385315139701
0 0.1371527777777778 0.5791098115659519 0.026498538011695907 0.03833658219623132
0 0.24926900584795322 0.7706302794022092 0.03289473684210526 0.06400259909031839
0 0.30217470760233917 0.47287199480181935 0.023026315789473683 0.03898635477582846
0 0.829952485380117 0.7305068226120858 0.026133040935672515 0.04613385315139701
0 0.2034904970760234 0.6000649772579597 0.028326023391812866 0.05198180636777128
0 0.46427266081871343 0.9450942170240416 0.0268640350877193 0.05360623781676413
0 0.18567251461988304 0.21978557504873295 0.027595029239766082 0.04548408057179987
0 0.8733552631578947 0.3451916829109812 0.023026315789473683 0.04093567251461988
0 0.6980994152046783 0.45321637426900585 0.030519005847953216 0.05165692007797271
0 0.32474415204678364 0.8529889538661468 0.029788011695906433 0.05490578297595841
0 0.43128654970760233 0.8305717998700455 0.03673245614035088 0.06627680311890838
0 0.18357090643274854 0.6364522417153996 0.023757309941520467 0.038011695906432746
0 0.04486476608187134 0.9553281351526965 0.029605263157894735 0.04938271604938271
0 0.5471491228070176 0.8624106562703054 0.024305555555555556 0.04061078622482131
0 0.10005482456140351 0.5981156595191683 0.0266812865497076 0.04223521767381416
0 0.35645102339181284 0.8464912280701754 0.023757309941520467 0.04158544509421702
0 0.164656432748538 0.9234892787524367 0.02448830409356725 0.04191033138401559
0 0.7147295321637427 0.691358024691358 0.034173976608187134 0.0539311241065627
0 0.6134868421052632 0.46523716699155293 0.02503654970760234 0.04548408057179987
0 0.1810124269005848 0.5112085769980507 0.022478070175438597 0.03866146848602989
0 0.042306286549707604 0.7214100064977258 0.019919590643274854 0.04061078622482131
0 0.19956140350877194 0.1770630279402209 0.02448830409356725 0.04028589993502274
0 0.6423611111111112 0.22384665367121506 0.0360014619883041 0.06302794022092267
0 0.4058845029239766 0.22482131254061077 0.03782894736842105 0.06140350877192982
0 0.21162280701754385 0.799545159194282 0.019736842105263157 0.031189083820662766
0 0.7787828947368421 0.9199155295646524 0.03764619883040936 0.06887589343729694
0 0.49643640350877194 0.4072449642625081 0.03070175438596491 0.05295646523716699
0 0.19544956140350878 0.3203378817413905 0.019554093567251463 0.03151397011046134
0 0.3142361111111111 0.7943469785575049 0.028691520467836257 0.05360623781676413
0 0.052540204678362575 0.24285250162443145 0.03782894736842105 0.058154645873944116
0 0.5593932748538012 0.09372969460688758 0.02412280701754386 0.043859649122807015
0 0.3821271929824561 0.8555880441845354 0.025767543859649123 0.05230669265756985
0 0.7555738304093568 0.875893437296946 0.025950292397660817 0.048408057179987
0 0.26014254385964913 0.9848927875243665 0.025767543859649123 0.030214424951267055
0 0.3956505847953216 0.12248213125406107 0.02540204678362573 0.04580896686159844
0 0.11778143274853801 0.7798895386614685 0.019919590643274854 0.036387264457439894
0 0.1388888888888889 0.30458089668615984 0.037463450292397664 0.0649772579597141
0 0.6125730994152047 0.13352826510721247 0.03033625730994152 0.05458089668615984
0 0.5743786549707602 0.11630929174788823 0.0266812865497076 0.04483430799220273
0 0.4171235380116959 0.5178687459389214 0.031067251461988302 0.05555555555555555
0 0.32593201754385964 0.24788823911630928 0.017543859649122806 0.028914879792072773
0 0.38843201754385964 0.788174139051332 0.027777777777777776 0.04678362573099415
0 0.22158260233918128 0.6626055880441846 0.020650584795321638 0.03378817413905133
0 0.7611476608187134 0.6447368421052632 0.0360014619883041 0.06660168940870695
0 0.9123720760233918 0.2267706302794022 0.027046783625730993 0.050682261208576995
0 0.6199744152046783 0.6817738791423001 0.03070175438596491 0.05555555555555555
0 0.339546783625731 0.44460688758934375 0.019736842105263157 0.03281351526965562
0 0.24095394736842105 0.18014944769330735 0.017909356725146198 0.03248862897985705
0 0.36641081871345027 0.5320012995451592 0.02631578947368421 0.04580896686159844
0 0.12527412280701755 0.1267056530214425 0.03545321637426901 0.06042884990253411
0 0.2835343567251462 0.44623131903833657 0.03453947368421053 0.05880441845354126
0 0.2498172514619883 0.1398635477582846 0.03490497076023392 0.06010396361273554
0 0.9719480994152047 0.2875243664717349 0.049707602339181284 0.08284600389863547
0 0.819718567251462 0.5180311890838206 0.0360014619883041 0.06237816764132553
0 0.5581140350877193 0.3325211176088369 0.03490497076023392 0.06237816764132553
0 0.25922880116959063 0.04483430799220273 0.030153508771929825 0.05458089668615984
0 0.8177083333333334 0.12166991552956465 0.023391812865497075 0.04256010396361273
0 0.13916301169590642 0.6500974658869396 0.023757309941520467 0.042884990253411304
0 0.16876827485380116 0.352501624431449 0.01864035087719298 0.03248862897985705
0 0.27074195906432746 0.22076023391812866 0.03216374269005848 0.06042884990253411
0 0.3378106725146199 0.9332358674463938 0.0222953216374269 0.03866146848602989
0 0.04258040935672515 0.7979207277452891 0.03618421052631579 0.06075373619233268
0 0.6175986842105263 0.40058479532163743 0.025950292397660817 0.049707602339181284
0 0.2604166666666667 0.1894087069525666 0.029605263157894735 0.0451591942820013
0 0.6918859649122807 0.5012995451591943 0.025584795321637425 0.04191033138401559
0 0.11613669590643275 0.2820012995451592 0.029788011695906433 0.04905782975958414
0 0.02412280701754386 0.42300194931773877 0.0266812865497076 0.04191033138401559
0 0.10115131578947369 0.3136777128005198 0.02448830409356725 0.03346328784925276
0 0.3314144736842105 0.7998700454840806 0.022112573099415205 0.03996101364522417
0 0.10626827485380116 0.9309616634178037 0.025584795321637425 0.04158544509421702
0 0.5247624269005848 0.4325860948667966 0.02266081871345029 0.03833658219623132
0 0.49588815789473684 0.2422027290448343 0.029970760233918127 0.05165692007797271
0 0.8618421052631579 0.7210851202079273 0.031432748538011694 0.051332033788174136
0 0.0651498538011696 0.28979857050032487 0.03307748538011696 0.05490578297595841
0 0.7081505847953217 0.5695256660168941 0.02942251461988304 0.05620532813515269
0 0.7277046783625731 0.3505523066926576 0.019919590643274854 0.03151397011046134
0 0.5227521929824561 0.7928849902534113 0.022112573099415205 0.0396361273554256
0 0.8025402046783626 0.40464587394411955 0.02850877192982456 0.04938271604938271
0 0.46034356725146197 0.2566601689408707 0.02850877192982456 0.0539311241065627
0 0.7306286549707602 0.38011695906432746 0.028143274853801168 0.04580896686159844
0 0.19828216374269006 0.5695256660168941 0.022112573099415205 0.04028589993502274
0 0.7808845029239766 0.32326185834957766 0.02887426900584795 0.0539311241065627
0 0.1766264619883041 0.4269005847953216 0.019005847953216373 0.02761533463287849
0 0.6537828947368421 0.34665367121507473 0.014071637426900584 0.02599090318388564
0 0.1371527777777778 0.9212150747238467 0.034173976608187134 0.05458089668615984
0 0.17754020467836257 0.31562703053931124 0.027777777777777776 0.043534762833008445
0 0.18530701754385964 0.4792072774528915 0.030884502923976608 0.05295646523716699
0 0.13249269005847952 0.38580246913580246 0.021198830409356724 0.030539311241065625
0 0.2141812865497076 0.5562053281351527 0.02138157894736842 0.03931124106562703
0 0.9074378654970761 0.024853801169590642 0.02942251461988304 0.04873294346978557
0 0.6981907894736842 0.1397011046133853 0.02540204678362573 0.04483430799220273
0 0.07858187134502924 0.6572449642625081 0.023940058479532164 0.036062378167641324
0 0.9151133040935673 0.08934372969460688 0.0447733918128655 0.07277452891487979
0 0.25356359649122806 0.26819363222871995 0.029239766081871343 0.051332033788174136
0 0.8831323099415205 0.3182261208576998 0.025950292397660817 0.04808317089018843
0 0.21354166666666666 0.6364522417153996 0.029239766081871343 0.04873294346978557
0 0.3911732456140351 0.8146523716699156 0.018457602339181287 0.03313840155945419
0 0.5712719298245614 0.7737166991552956 0.015899122807017545 0.02794022092267706
0 0.32702850877192985 0.4766081871345029 0.018092105263157895 0.03216374269005848
0 0.24442616959064328 0.100227420402859 0.03216374269005848 0.056855100714749834
0 0.04093567251461988 0.21003898635477583 0.03435672514619883 0.050032488628979854
0 0.225968567251462 0.5997400909681612 0.02905701754385965 0.050682261208576995
0 0.511421783625731 0.5298895386614685 0.031980994152046784 0.057504873294346975
0 0.254203216374269 0.5815464587394412 0.02631578947368421 0.04158544509421702
0 0.649671052631579 0.1738141650422352 0.014071637426900584 0.02761533463287849
0 0.5169956140350878 0.41033138401559455 0.03179824561403509 0.05458089668615984
0 0.4635416666666667 0.8882391163092918 0.026133040935672515 0.04743339831059129
0 0.7706505847953217 0.18031189083820662 0.021564327485380116 0.037037037037037035
0 0.23684210526315788 0.6479857050032488 0.02010233918128655 0.03281351526965562
0 0.8036366959064327 0.75909681611436 0.03490497076023392 0.0682261208576998
0 0.9250730994152047 0.3144899285250162 0.042214912280701754 0.07732293697205977
0 0.5670687134502924 0.7331059129304743 0.021929824561403508 0.04483430799220273
0 0.5741045321637427 0.18892137751786875 0.027595029239766082 0.04808317089018843
0 0.5824195906432749 0.9472059779077323 0.031432748538011694 0.05588044184535412
0 0.4692982456140351 0.532488628979857 0.012975146198830409 0.02111760883690708
0 0.7924890350877193 0.8287849252761533 0.04093567251461988 0.07439896036387264
0 0.008315058479532164 0.01673164392462638 0.01663011695906433 0.03313840155945419
0 0.7899305555555556 0.5466211825860948 0.019371345029239765 0.03183885640025991
0 0.743421052631579 0.4293372319688109 0.03033625730994152 0.051007147498375566
0 0.14007675438596492 0.44022092267706303 0.028691520467836257 0.05165692007797271
0 0.3983004385964912 0.0242040285899935 0.020285087719298246 0.037361923326835605
0 0.6037097953216374 0.7574723846653671 0.02503654970760234 0.044184535412605586
0 0.15652412280701755 0.5693632228719948 0.02138157894736842 0.03443794671864847
0 0.8241045321637427 0.15838206627680312 0.03234649122807018 0.06010396361273554
0 0.5956688596491229 0.5498700454840806 0.023391812865497075 0.04158544509421702
0 0.21107456140350878 0.862735542560104 0.017178362573099414 0.029564652371669914
0 0.02887426900584795 0.03996101364522417 0.03234649122807018 0.050032488628979854
0 0.8111293859649122 0.8994476933073424 0.026133040935672515 0.04191033138401559
0 0.8482273391812866 0.40253411306042886 0.028691520467836257 0.05165692007797271
0 0.3372624269005848 0.5326510721247564 0.024305555555555556 0.037037037037037035
0 0.7419590643274854 0.76364522417154 0.033625730994152045 0.0649772579597141
0 0.06962719298245613 0.9749837556855101 0.03125 0.04873294346978557
0 0.22743055555555555 0.5640025990903184 0.019371345029239765 0.031189083820662766
0 0.8514254385964912 0.4514294996751137 0.03508771929824561 0.06205328135152696
0 0.21500365497076024 0.7602339181286549 0.019736842105263157 0.030214424951267055
0 0.9278143274853801 0.12134502923976608 0.02448830409356725 0.04126055880441845
0 0.6967288011695907 0.7283950617283951 0.02722953216374269 0.04938271604938271
0 0.7959612573099415 0.1232943469785575 0.020833333333333332 0.03346328784925276
0 0.6078216374269005 0.5077972709551657 0.03983918128654971 0.06465237166991553
0 0.1137609649122807 0.6151721897335932 0.02540204678362573 0.044184535412605586
0 0.18174342105263158 0.2667316439246264 0.03782894736842105 0.06140350877192982
0 0.6148574561403509 0.30653021442495126 0.03252923976608187 0.058154645873944116
0 0.495796783625731 0.6089993502274204 0.01644736842105263 0.029239766081871343
0 0.20175438596491227 0.844541910331384 0.0268640350877193 0.04256010396361273
0 0.8807565789473685 0.38937621832358676 0.0222953216374269 0.038011695906432746
0 0.9317434210526315 0.47969460688758936 0.034722222222222224 0.06595191682910981
0 0.5331688596491229 0.8856400259909032 0.019736842105263157 0.037361923326835605
0 0.05391081871345029 0.3996101364522417 0.039108187134502925 0.05198180636777128
0 0.6849415204678363 0.6921702404158544 0.03545321637426901 0.06107862248213125
0 0.48985745614035087 0.3148148148148148 0.019736842105263157 0.03443794671864847
0 0.10818713450292397 0.9741715399610137 0.031067251461988302 0.051332033788174136
0 0.16200657894736842 0.2467511371020143 0.017543859649122806 0.02631578947368421
0 0.010873538011695907 0.6872969460688759 0.021564327485380116 0.05198180636777128
0 0.38358918128654973 0.022092267706302793 0.025584795321637425 0.044184535412605586
0 0.5905519005847953 0.8628979857050032 0.03216374269005848 0.057179987004548405
0 0.02987938596491228 0.35721247563352826 0.03399122807017544 0.05977907732293697
0 0.01644736842105263 0.39847303443794674 0.023391812865497075 0.028914879792072773
0 0.6048976608187134 0.09844054580896686 0.02540204678362573 0.04938271604938271
0 0.6859466374269005 0.6530214424951267 0.027412280701754384 0.050357374918778425
0 0.14692982456140352 0.6835607537361923 0.02905701754385965 0.04580896686159844
0 0.8400036549707602 0.4832683560753736 0.021747076023391813 0.038011695906432746
0 0.4236111111111111 0.3282975958414555 0.03435672514619883 0.06757634827810266
0 0.4353983918128655 0.4910656270305393 0.023757309941520467 0.0451591942820013
0 0.737390350877193 0.32326185834957766 0.03216374269005848 0.05263157894736842
0 0.5867141812865497 0.98635477582846 0.016264619883040937 0.02729044834307992
0 0.6129385964912281 0.7066276803118908 0.029605263157894735 0.048408057179987
0 0.16419956140350878 0.7906107862248213 0.021564327485380116 0.036712150747238464
0 0.2461622807017544 0.2212475633528265 0.031980994152046784 0.05588044184535412
0 0.10334429824561403 0.3835282651072125 0.03673245614035088 0.06367771280051981
0 0.8803910818713451 0.4382716049382716 0.024671052631578948 0.044509421702404156
0 0.8115862573099415 0.8586744639376218 0.03070175438596491 0.05458089668615984
0 0.014071637426900584 0.7405782975958415 0.028143274853801168 0.051332033788174136
0 0.8919956140350878 0.538174139051332 0.027777777777777776 0.03898635477582846
0 0.2749451754385965 0.09746588693957114 0.03435672514619883 0.05490578297595841
0 0.29559576023391815 0.2508122157244964 0.026133040935672515 0.04645873944119558
0 0.9160270467836257 0.7646198830409356 0.03216374269005848 0.05523066926575698
0 0.19700292397660818 0.19671864847303444 0.02266081871345029 0.03216374269005848
0 0.17132675438596492 0.8726445743989604 0.02046783625730994 0.0341130604288499
0 0.48967470760233917 0.27469135802469136 0.02448830409356725 0.043209876543209874
0 0.5057565789473685 0.3222871994801819 0.028691520467836257 0.051007147498375566
0 0.27485380116959063 0.2880116959064328 0.017361111111111112 0.02696556205328135
0 0.5190972222222222 0.3503898635477583 0.021929824561403508 0.04126055880441845
0 0.5679824561403509 0.03589993502274204 0.029605263157894735 0.05490578297595841
0 0.009502923976608187 0.9129304743339831 0.019005847953216373 0.04191033138401559
0 0.5068530701754386 0.37686809616634176 0.039656432748538015 0.06725146198830409
0 0.11494883040935673 0.35526315789473684 0.025219298245614034 0.04126055880441845
0 0.7744883040935673 0.11988304093567251 0.030884502923976608 0.050682261208576995
0 0.1272843567251462 0.45743989603638724 0.023940058479532164 0.04158544509421702
0 0.3663194444444444 0.25276153346328784 0.02138157894736842 0.04061078622482131
0 0.7977887426900585 0.9704353476283301 0.03508771929824561 0.057504873294346975
0 0.20065789473684212 0.9017218973359324 0.02540204678362573 0.043859649122807015
0 0.36878654970760233 0.9002599090318388 0.01864035087719298 0.03443794671864847
0 0.4039656432748538 0.26819363222871995 0.03271198830409357 0.05198180636777128
0 0.3381761695906433 0.3602988953866147 0.02905701754385965 0.050682261208576995
0 0.09804459064327485 0.960688758934373 0.02046783625730994 0.03508771929824561
0 0.3397295321637427 0.512508122157245 0.01864035087719298 0.02631578947368421
0 0.9312865497076024 0.19005847953216373 0.03326023391812866 0.058154645873944116
0 0.227156432748538 0.17673814165042234 0.020833333333333332 0.036062378167641324
0 0.8708881578947368 0.24545159194282 0.0222953216374269 0.050357374918778425
0 0.7186586257309941 0.5216049382716049 0.017361111111111112 0.028914879792072773
0 0.26306652046783624 0.47693307342430147 0.020650584795321638 0.037361923326835605
0 0.12070540935672515 0.8179012345679012 0.022112573099415205 0.04061078622482131
0 0.6214364035087719 0.7316439246263807 0.02905701754385965 0.04873294346978557
0 0.5033808479532164 0.5841455490578298 0.01864035087719298 0.02599090318388564
0 0.6639254385964912 0.8088044184535412 0.04806286549707602 0.09161793372319688
0 0.12545687134502925 0.17998700454840805 0.027960526315789474 0.04710851202079272
0 0.5529057017543859 0.6946068875893437 0.01663011695906433 0.03573749187784275
0 0.7108004385964912 0.41471734892787526 0.02631578947368421 0.0451591942820013
0 0.21600877192982457 0.4665367121507472 0.030884502923976608 0.05263157894736842
0 0.5085891812865497 0.16585445094217025 0.014437134502923976 0.025016244314489927
0 0.8129568713450293 0.6270305393112411 0.019371345029239765 0.036062378167641324
0 0.43530701754385964 0.8989603638726446 0.022112573099415205 0.04223521767381416
0 0.08890716374269006 0.821150097465887 0.02412280701754386 0.038011695906432746
0 0.34502923976608185 0.48960363872644574 0.014619883040935672 0.025341130604288498
0 0.30235745614035087 0.21978557504873295 0.019005847953216373 0.03378817413905133
0 0.10069444444444445 0.17820012995451592 0.0356359649122807 0.05588044184535412
0 0.22496345029239767 0.9587394411955815 0.017543859649122806 0.03183885640025991
0 0.09429824561403509 0.26413255360623783 0.02722953216374269 0.037686809616634176
0 0.8910818713450293 0.7019168291098116 0.031615497076023395 0.049707602339181284
0 0.24890350877192982 0.8414554905782976 0.01699561403508772 0.029564652371669914
0 0.2858187134502924 0.17316439246263807 0.022112573099415205 0.03866146848602989
0 0.2772295321637427 0.9537037037037037 0.019919590643274854 0.037361923326835605
0 0.42479897660818716 0.8791423001949318 0.024853801169590642 0.04645873944119558
0 0.3387244152046784 0.31562703053931124 0.014619883040935672 0.025666016894087068
0 0.10508040935672515 0.4554905782975958 0.02887426900584795 0.050032488628979854
0 0.10316154970760234 0.48602988953866144 0.023391812865497075 0.03443794671864847
0 0.5080409356725146 0.9095191682910981 0.020285087719298246 0.03378817413905133
0 0.29870248538011696 0.30539311241065625 0.04148391812865497 0.07244964262508122
0 0.7752192982456141 0.1572449642625081 0.025219298245614034 0.037686809616634176
0 0.17105263157894737 0.8148148148148148 0.024305555555555556 0.04061078622482131
0 0.27850877192982454 0.017543859649122806 0.0222953216374269 0.03508771929824561
0 0.6677631578947368 0.16682910981156596 0.021929824561403508 0.03898635477582846
0 0.45741959064327486 0.5446718648473035 0.020285087719298246 0.03443794671864847
0 0.45010964912280704 0.14018843404808318 0.015350877192982455 0.02761533463287849
0 0.8411001461988304 0.32894736842105265 0.037463450292397664 0.05880441845354126
0 0.6781798245614035 0.14067576348278102 0.030519005847953216 0.05165692007797271
0 0.8188048245614035 0.4743339831059129 0.017361111111111112 0.029239766081871343
0 0.8580957602339181 0.7571474983755686 0.031980994152046784 0.05198180636777128
0 0.6149488304093568 0.433398310591293 0.01516812865497076 0.02599090318388564
0 0.4211440058479532 0.2555230669265757 0.023391812865497075 0.042884990253411304
0 0.2984283625730994 0.5695256660168941 0.034173976608187134 0.05555555555555555
0 0.5639619883040936 0.4636127355425601 0.04075292397660819 0.08154645873944119
0 0.34667397660818716 0.28443794671864847 0.023757309941520467 0.0451591942820013
0 0.9929641812865497 0.22742040285899934 0.014071637426900584 0.048408057179987
0 0.009046052631578948 0.5864197530864198 0.018092105263157895 0.05588044184535412
0 0.2706505847953216 0.5172189733593242 0.03326023391812866 0.06172839506172839
0 0.1513157894736842 0.8869395711500975 0.019736842105263157 0.03313840155945419
0 0.010051169590643274 0.8856400259909032 0.02010233918128655 0.04191033138401559
0 0.8404605263157895 0.2597465886939571 0.03453947368421053 0.04938271604938271
0 0.9629934210526315 0.1695906432748538 0.04093567251461988 0.07569850552306692
0 0.40625 0.4822936972059779 0.030153508771929825 0.05198180636777128
0 0.9278143274853801 0.5337881741390513 0.03453947368421053 0.06400259909031839
0 0.8557200292397661 0.5219298245614035 0.03234649122807018 0.057829759584145546
0 0.6294773391812866 0.09616634178037686 0.04075292397660819 0.06757634827810266
0 0.1667580409356725 0.8939246263807668 0.024305555555555556 0.03833658219623132
0 0.0061220760233918125 0.5159194282001299 0.012244152046783625 0.03573749187784275
0 0.1841191520467836 0.4371345029239766 0.019736842105263157 0.029889538661468484
0 0.5772112573099415 0.7051656920077972 0.017178362573099414 0.030539311241065625
0 0.13112207602339182 0.22011046133853152 0.03654970760233918 0.06107862248213125
0 0.2361111111111111 0.9015594541910331 0.03179824561403509 0.050357374918778425
0 0.2991593567251462 0.10152696556205328 0.023391812865497075 0.04256010396361273
0 0.7114400584795322 0.7595841455490578 0.03545321637426901 0.06465237166991553
0 0.7480811403508771 0.38710201429499674 0.015899122807017545 0.02111760883690708
0 0.2924890350877193 0.6570825211176088 0.04239766081871345 0.07115009746588694
0 0.302266081871345 0.9861923326835608 0.029605263157894735 0.02761533463287849
0 0.23757309941520469 0.03378817413905133 0.028326023391812866 0.05165692007797271
0 0.27823464912280704 0.6023391812865497 0.027595029239766082 0.04028589993502274
0 0.14866593567251463 0.5201429499675114 0.028326023391812866 0.044509421702404156
0 0.19462719298245615 0.6817738791423001 0.027777777777777776 0.051332033788174136
0 0.5836074561403509 0.9033463287849253 0.03344298245614035 0.05977907732293697
0 0.007858187134502924 0.9769330734243015 0.015716374269005847 0.044184535412605586
0 0.43146929824561403 0.05523066926575698 0.027960526315789474 0.05458089668615984
0 0.4322916666666667 0.433398310591293 0.028143274853801168 0.04483430799220273
0 0.5417580409356725 0.7696556205328136 0.025584795321637425 0.0451591942820013
0 0.7880116959064327 0.6528589993502274 0.029239766081871343 0.051332033788174136
0 0.4249817251461988 0.19655620532813514 0.024853801169590642 0.04808317089018843
0 0.06341374269005848 0.3549382716049383 0.04349415204678363 0.0682261208576998
0 0.5814144736842105 0.013807667316439245 0.012975146198830409 0.02599090318388564
0 0.8809393274853801 0.4106562703053931 0.019371345029239765 0.03216374269005848
0 0.6249086257309941 0.45077972709551656 0.015350877192982455 0.024041585445094216
0 0.3049159356725146 0.34649122807017546 0.017361111111111112 0.02729044834307992
0 0.8270285087719298 0.687946718648473 0.04331140350877193 0.06920077972709551
0 0.031980994152046784 0.26397011046133856 0.0360014619883041 0.06400259909031839
0 0.1859466374269006 0.9140675763482781 0.016264619883040937 0.028914879792072773
0 0.05893640350877193 0.20402858999350226 0.020650584795321638 0.0341130604288499
0 0.7979714912280702 0.30344379467186483 0.017543859649122806 0.03476283300844704
0 0.14153874269005848 0.35282651072124754 0.03435672514619883 0.06075373619233268
0 0.025676169590643276 0.12654320987654322 0.025219298245614034 0.03313840155945419
0 0.9333881578947368 0.2737166991552957 0.029970760233918127 0.051332033788174136
0 0.6536001461988304 0.4208901884340481 0.01864035087719298 0.03476283300844704
0 0.35370979532163743 0.03508771929824561 0.019371345029239765 0.03508771929824561
0 0.6377923976608187 0.04532163742690058 0.03344298245614035 0.05555555555555555
0 0.23336988304093567 0.24463937621832357 0.025219298245614034 0.04028589993502274
0 0.31259137426900585 0.9314489928525016 0.015716374269005847 0.030539311241065625
0 0.5539108187134503 0.7214100064977258 0.02101608187134503 0.03378817413905133
0 0.2856359649122807 0.892949967511371 0.030153508771929825 0.048408057179987
0 0.03654970760233918 0.5601039636127355 0.029788011695906433 0.042884990253411304
0 0.8244700292397661 0.7654320987654321 0.02138157894736842 0.04158544509421702
0 0.25109649122807015 0.4930149447693307 0.01864035087719298 0.03346328784925276
0 0.049890350877192985 0.6413255360623782 0.02284356725146199 0.03151397011046134
0 0.40040204678362573 0.3744314489928525 0.03435672514619883 0.057504873294346975
0 0.48446637426900585 0.203866146848603 0.02448830409356725 0.0451591942820013
0 0.7277046783625731 0.027452891487979206 0.024305555555555556 0.03866146848602989
0 0.5796783625730995 0.1619558154645874 0.034173976608187134 0.06010396361273554
0 0.29660087719298245 0.9545159194282001 0.021198830409356724 0.04743339831059129
0 0.6491228070175439 0.2631578947368421 0.023940058479532164 0.042884990253411304
0 0.16794590643274854 0.4129304743339831 0.019005847953216373 0.02664067576348278
0 0.8361659356725146 0.3679337231968811 0.034173976608187134 0.050357374918778425
0 0.2766812865497076 0.5550682261208577 0.021198830409356724 0.03573749187784275
0 0.6663011695906432 0.7446393762183235 0.02448830409356725 0.05165692007797271
0 0.03609283625730994 0.5004873294346979 0.017543859649122806 0.028265107212475632
0 0.5573830409356725 0.791585445094217 0.018457602339181287 0.03313840155945419
0 0.02266081871345029 0.9871669915529565 0.025584795321637425 0.025666016894087068
0 0.4650950292397661 0.6124106562703054 0.031615497076023395 0.05230669265756985
0 0.3513340643274854 0.9770955165692008 0.029970760233918127 0.0451591942820013
0 0.8381761695906432 0.8771929824561403 0.023574561403508772 0.03931124106562703
0 0.047605994152046784 0.11614684860298895 0.025767543859649123 0.04028589993502274
0 0.6855811403508771 0.33235867446393763 0.02101608187134503 0.03151397011046134
0 0.7976973684210527 0.4951267056530214 0.0266812865497076 0.04808317089018843
0 0.19691154970760233 0.8130279402209227 0.018457602339181287 0.03508771929824561
0 0.18859649122807018 0.5394736842105263 0.017543859649122806 0.030539311241065625
0 0.15725511695906433 0.834307992202729 0.03289473684210526 0.05230669265756985
0 0.5195540935672515 0.5847953216374269 0.029605263157894735 0.056855100714749834
0 0.44161184210526316 0.3755685510071475 0.03618421052631579 0.06367771280051981
0 0.3506944444444444 0.37849252761533464 0.020833333333333332 0.036712150747238464
0 0.04550438596491228 0.5440220922677063 0.024853801169590642 0.03898635477582846
0 0.45148026315789475 0.5760233918128655 0.026498538011695907 0.05263157894736842
0 0.6528691520467836 0.3162768031189084 0.024853801169590642 0.04158544509421702
0 0.7096125730994152 0.4891163092917479 0.02412280701754386 0.044184535412605586
0 0.5026498538011696 0.12508122157244964 0.027595029239766082 0.05328135152696556
0 0.04541301169590643 0.08105912930474334 0.03874269005847953 0.056530214424951264
0 0.5254020467836257 0.46215074723846655 0.019919590643274854 0.03151397011046134
0 0.2860014619883041 0.13190383365821962 0.015350877192982455 0.02794022092267706
0 0.2048611111111111 0.4280376868096166 0.024305555555555556 0.036062378167641324
0 0.32437865497076024 0.049545159194282 0.033808479532163746 0.06140350877192982
0 0.30665204678362573 0.8450292397660819 0.01644736842105263 0.03151397011046134
0 0.4986293859649123 0.9298245614035088 0.017543859649122806 0.036062378167641324
0 0.33031798245614036 0.16325536062378168 0.03033625730994152 0.057179987004548405
0 0.15085891812865498 0.49057829759584143 0.019371345029239765 0.03541260558804418
0 0.6890533625730995 0.10477582846003898 0.02942251461988304 0.05588044184535412
0 0.45394736842105265 0.46962313190383365 0.031980994152046784 0.05523066926575698
0 0.19499269005847952 0.7587719298245614 0.021929824561403508 0.030539311241065625
0 0.15551900584795322 0.018680961663417803 0.028691520467836257 0.037037037037037035
0 0.8245614035087719 0.08853151397011046 0.03234649122807018 0.051007147498375566
0 0.062225877192982455 0.8419428200129955 0.028691520467836257 0.05328135152696556
0 0.7511878654970761 0.7131254061078622 0.034173976608187134 0.05977907732293697
0 0.05838815789473684 0.47157244964262507 0.04258040935672515 0.06302794022092267
0 0.1871345029239766 0.3546133853151397 0.030153508771929825 0.05295646523716699
0 0.6559758771929824 0.7006172839506173 0.019554093567251463 0.03508771929824561
0 0.35891812865497075 0.2149122807017544 0.023391812865497075 0.04158544509421702
0 0.7825292397660819 0.39392462638076675 0.028143274853801168 0.05328135152696556
0 0.8099415204678363 0.4444444444444444 0.022478070175438597 0.03898635477582846
0 0.7168311403508771 0.4548408057179987 0.0133406432748538 0.022742040285899934
0 0.35215643274853803 0.06335282651072124 0.02266081871345029 0.03898635477582846
0 0.030519005847953216 0.5807342430149448 0.025767543859649123 0.03346328784925276
0 0.472953216374269 0.037686809616634176 0.03453947368421053 0.0649772579597141
0 0.41264619883040937 0.5605912930474334 0.026498538011695907 0.04093567251461988
0 0.555921052631579 0.2789148797920728 0.034173976608187134 0.056530214424951264
0 0.8477704678362573 0.2896361273554256 0.024305555555555556 0.04126055880441845
0 0.8991228070175439 0.42657569850552307 0.02905701754385965 0.04905782975958414
0 0.4382309941520468 0.4611760883690708 0.023940058479532164 0.04126055880441845
0 0.8285818713450293 0.669103313840156 0.02138157894736842 0.03151397011046134
0 0.12417763157894737 0.701591942820013 0.02905701754385965 0.04613385315139701
0 0.6798245614035088 0.3505523066926576 0.01663011695906433 0.028914879792072773
0 0.4300073099415205 0.9723846653671215 0.03673245614035088 0.05523066926575698
0 0.6835709064327485 0.4126055880441845 0.029970760233918127 0.04645873944119558
0 0.1162280701754386 0.5186809616634178 0.04788011695906433 0.07212475633528265
0 0.45476973684210525 0.9217024041585445 0.017543859649122806 0.0341130604288499
0 0.6958150584795322 0.22433398310591293 0.01918859649122807 0.03183885640025991
0 0.4257127192982456 0.08398310591293047 0.019554093567251463 0.03476283300844704
0 0.39172149122807015 0.8835282651072125 0.028326023391812866 0.049707602339181284
0 0.18676900584795322 0.39684860298895386 0.022112573099415205 0.0451591942820013
0 0.7423245614035088 0.07358674463937621 0.018457602339181287 0.03151397011046134
0 0.19636330409356725 0.8768680961663418 0.024671052631578948 0.037686809616634176
0 0.09539473684210527 0.1411630929174789 0.037463450292397664 0.05880441845354126
0 0.055190058479532164 0.6728395061728395 0.03983918128654971 0.05165692007797271
0 0.7929459064327485 0.5266406757634828 0.021198830409356724 0.03378817413905133
0 0.17580409356725146 0.16033138401559455 0.03435672514619883 0.050682261208576995
0 0.788468567251462 0.6271929824561403 0.018092105263157895 0.028265107212475632
0 0.2621527777777778 0.43193632228719947 0.023757309941520467 0.04743339831059129
0 0.5825109649122807 0.7261208576998051 0.012426900584795321 0.025016244314489927
0 0.6493055555555556 0.6496101364522417 0.02887426900584795 0.05523066926575698
0 0.19490131578947367 0.948180636777128 0.021929824561403508 0.03866146848602989
0 0.23355263157894737 0.6322287199480182 0.019919590643274854 0.029889538661468484
0 0.8472222222222222 0.7923976608187134 0.027777777777777776 0.04808317089018843
0 0.3362573099415205 0.6556205328135153 0.01608187134502924 0.029239766081871343
0 0.6247258771929824 0.343404808317089 0.023757309941520467 0.04061078622482131
0 0.4037828947368421 0.19135802469135801 0.017909356725146198 0.03183885640025991
0 0.5054824561403509 0.014782326185834957 0.014802631578947368 0.023716699155295645
0 0.8752741228070176 0.6453866146848602 0.034722222222222224 0.06855100714749837
0 0.4965277777777778 0.5146198830409356 0.020650584795321638 0.03833658219623132
0 0.33863304093567254 0.5646523716699156 0.03271198830409357 0.051332033788174136
0 0.16630116959064328 0.22076023391812866 0.02266081871345029 0.0396361273554256
0 0.6540570175438597 0.28784925276153345 0.020833333333333332 0.036062378167641324
0 0.2521016081871345 0.4582521117608837 0.02284356725146199 0.04028589993502274
0 0.4039656432748538 0.4217024041585445 0.012244152046783625 0.024366471734892786
0 0.42123538011695905 0.02046783625730994 0.0360014619883041 0.04093567251461988
0 0.5466922514619883 0.30701754385964913 0.02503654970760234 0.044184535412605586
0 0.6114766081871345 0.01949317738791423 0.031980994152046784 0.03898635477582846
0 0.7418676900584795 0.4933398310591293 0.025584795321637425 0.04093567251461988
0 0.6566154970760234 0.5154320987654321 0.015350877192982455 0.025341130604288498
0 0.11997441520467836 0.5568551007147499 0.024305555555555556 0.04191033138401559
0 0.4470029239766082 0.21393762183235868 0.03654970760233918 0.06140350877192982
0 0.03554459064327485 0.6306042884990254 0.027595029239766082 0.04126055880441845
0 0.7650767543859649 0.07456140350877193 0.015533625730994151 0.025341130604288498
0 0.9881213450292398 0.06400259909031839 0.023574561403508772 0.05588044184535412
0 0.2046783625730994 0.6689408706952567 0.031615497076023395 0.05328135152696556
0 0.7203947368421053 0.012020792722547108 0.024305555555555556 0.024041585445094216
0 0.027046783625730993 0.9728719948018194 0.024305555555555556 0.04158544509421702
0 0.7204861111111112 0.16130604288499026 0.01516812865497076 0.028914879792072773
0 0.7389437134502924 0.2753411306042885 0.034173976608187134 0.0627030539311241
0 0.13459429824561403 0.4080571799870045 0.0268640350877193 0.04093567251461988
0 0.6498538011695907 0.580896686159844 0.027046783625730993 0.04158544509421702
0 0.18640350877192982 0.5830084470435347 0.026498538011695907 0.050682261208576995
0 0.8664108187134503 0.02631578947368421 0.03271198830409357 0.05230669265756985
0 0.88578216374269 0.4837556855100715 0.03527046783625731 0.06725146198830409
0 0.6734283625730995 0.03654970760233918 0.033808479532163746 0.06595191682910981
0 0.11878654970760234 0.42998700454840805 0.020833333333333332 0.04061078622482131
0 0.7711988304093568 0.040773229369720596 0.03874269005847953 0.06432748538011696
0 0.5773940058479532 0.2909356725146199 0.017726608187134504 0.030864197530864196
0 0.6373355263157895 0.9871669915529565 0.023940058479532164 0.025666016894087068
0 0.344937865497076 0.20321637426900585 0.03033625730994152 0.0539311241065627
0 0.0720029239766082 0.564327485380117 0.02887426900584795 0.04873294346978557
0 0.35526315789473684 0.9502923976608187 0.024671052631578948 0.0451591942820013
0 0.6769005847953217 0.2945094217024042 0.021198830409356724 0.03866146848602989
0 0.23199926900584794 0.9733593242365172 0.012244152046783625 0.023066926575698504
0 0.6338633040935673 0.7755035737491878 0.034173976608187134 0.05912930474333983
0 0.45010964912280704 0.5061728395061729 0.027046783625730993 0.04938271604938271
0 0.6244517543859649 0.18989603638726446 0.019371345029239765 0.038011695906432746
0 0.7292580409356725 0.23944119558154645 0.023940058479532164 0.04158544509421702
0 0.3277595029239766 0.2686809616634178 0.014985380116959063 0.025341130604288498
0 0.6462902046783626 0.7126380766731644 0.023940058479532164 0.03898635477582846
0 0.7903874269005848 0.036387264457439894 0.02412280701754386 0.051332033788174136
0 0.05345394736842105 0.3104288499025341 0.023574561403508772 0.02794022092267706
0 0.5095029239766082 0.98862897985705 0.02046783625730994 0.022742040285899934
0 0.721125730994152 0.053768680961663415 0.027412280701754384 0.043859649122807015
0 0.8384502923976608 0.648635477582846 0.03070175438596491 0.05230669265756985
0 0.35891812865497075 0.41569200779727095 0.017361111111111112 0.02664067576348278
0 0.20257675438596492 0.12849252761533464 0.03033625730994152 0.06367771280051981
0 0.49707602339181284 0.4502923976608187 0.0360014619883041 0.06692657569850552
0 0.6392543859649122 0.19022092267706303 0.020650584795321638 0.036062378167641324
0 0.8236476608187134 0.0440220922677063 0.027046783625730993 0.044509421702404156
0 0.4454495614035088 0.7954840805717999 0.025584795321637425 0.04678362573099415
0 0.49990862573099415 0.05929174788823911 0.03819444444444445 0.06985055230669265
0 0.27439692982456143 0.9220272904483431 0.021198830409356724 0.03476283300844704
0 0.025584795321637425 0.09974009096816114 0.024671052631578948 0.0396361273554256
0 0.5572002923976608 0.8357699805068226 0.013888888888888888 0.02729044834307992
0 0.12637061403508773 0.6423001949317739 0.020285087719298246 0.03216374269005848
0 0.7142726608187134 0.7366796621182586 0.02138157894736842 0.03573749187784275
0 0.9315606725146199 0.4194282001299545 0.03289473684210526 0.049707602339181284
0 0.7274305555555556 0.6764132553606238 0.021747076023391813 0.036387264457439894
0 0.22167397660818713 0.9891163092917479 0.026498538011695907 0.021767381416504222
0 0.702485380116959 0.24772579597141 0.02010233918128655 0.03476283300844704
0 0.15688961988304093 0.6986679662118258 0.02046783625730994 0.03183885640025991
0 0.7911184210526315 0.25942170240415857 0.020285087719298246 0.03508771929824561
0 0.5807748538011696 0.07001299545159194 0.02010233918128655 0.04093567251461988
0 0.4174890350877193 0.9446068875893437 0.021198830409356724 0.0396361273554256
0 0.4529422514619883 0.3076673164392463 0.030884502923976608 0.056530214424951264
0 0.6822916666666666 0.2564977257959714 0.028143274853801168 0.044184535412605586
0 0.1911549707602339 0.021929824561403508 0.04057017543859649 0.043859649122807015
0 0.6295687134502924 0.6570825211176088 0.03033625730994152 0.0539311241065627
0 0.7696454678362573 0.75909681611436 0.039656432748538015 0.06595191682910981
0 0.6178728070175439 0.21166341780376868 0.021564327485380116 0.036712150747238464
0 0.0516264619883041 0.4338856400259909 0.04111842105263158 0.05360623781676413
0 0.3489583333333333 0.33966861598440545 0.0222953216374269 0.036712150747238464
0 0.062225877192982455 0.9049707602339181 0.022478070175438597 0.044509421702404156
0 0.5430372807017544 0.048408057179987 0.03125 0.05490578297595841
0 0.5620431286549707 0.06968810916179337 0.023391812865497075 0.0396361273554256
0 0.3433845029239766 0.01397011046133853 0.021564327485380116 0.02794022092267706
0 0.3999451754385965 0.16471734892787523 0.018092105263157895 0.028589993502274202
0 0.7871893274853801 0.08885640025990903 0.03271198830409357 0.05588044184535412
0 0.11275584795321637 0.057829759584145546 0.026133040935672515 0.0396361273554256
0 0.7421418128654971 0.5326510721247564 0.024853801169590642 0.04548408057179987
0 0.8427448830409356 0.8242365172189734 0.02905701754385965 0.05523066926575698
0 0.5293311403508771 0.8148148148148148 0.018457602339181287 0.029564652371669914
0 0.7969663742690059 0.27907732293697207 0.015533625730994151 0.02631578947368421
0 0.5024671052631579 0.4733593242365172 0.023026315789473683 0.03508771929824561
0 0.5593019005847953 0.8172514619883041 0.012244152046783625 0.022742040285899934
0 0.029970760233918127 0.17673814165042234 0.0360014619883041 0.05165692007797271
0 0.7541118421052632 0.5373619233268356 0.04788011695906433 0.08674463937621832
0 0.8711622807017544 0.6824236517218973 0.021747076023391813 0.028589993502274202
0 0.7370248538011696 0.1609811565951917 0.03179824561403509 0.06140350877192982
0 0.5828764619883041 0.3965237166991553 0.025584795321637425 0.03996101364522417
0 0.6763523391812866 0.23684210526315788 0.023574561403508772 0.04061078622482131
0 0.339546783625731 0.4738466536712151 0.02010233918128655 0.03573749187784275
0 0.007401315789473684 0.8369070825211176 0.014802631578947368 0.06757634827810266
0 0.8849597953216374 0.2422027290448343 0.038011695906432746 0.06205328135152696
0 0.5289656432748538 0.7772904483430799 0.019371345029239765 0.03541260558804418
0 0.27677266081871343 0.06757634827810266 0.02850877192982456 0.044509421702404156
0 0.6109283625730995 0.18437296946068876 0.019919590643274854 0.03996101364522417
0 0.109375 0.6918453541260559 0.023940058479532164 0.036387264457439894
0 0.2953216374269006 0.201591942820013 0.019919590643274854 0.037037037037037035
0 0.27823464912280704 0.9887914230019493 0.021564327485380116 0.022417153996101363
0 0.08351608187134503 0.8019818063677713 0.03453947368421053 0.05328135152696556
0 0.5875365497076024 0.2662443144899285 0.013157894736842105 0.022742040285899934
0 0.49470029239766083 0.987491877842755 0.02010233918128655 0.025016244314489927
0 0.9179459064327485 0.37280701754385964 0.017543859649122806 0.03183885640025991
0 0.5790387426900585 0.22936972059779076 0.020285087719298246 0.0341130604288499
0 0.852796052631579 0.6205328135152697 0.026133040935672515 0.04710851202079272
0 0.6889619883040936 0.3856400259909032 0.027046783625730993 0.04158544509421702
0 0.2579495614035088 0.6102988953866146 0.017178362573099414 0.024691358024691357
0 0.37664473684210525 0.5753736192332684 0.02503654970760234 0.05295646523716699
0 0.7617872807017544 0.8486029889538661 0.023940058479532164 0.04093567251461988
0 0.9409722222222222 0.2334307992202729 0.021198830409356724 0.02794022092267706
0 0.5044773391812866 0.2894736842105263 0.021747076023391813 0.0396361273554256
0 0.05866228070175439 0.7123131903833658 0.028691520467836257 0.051007147498375566
0 0.27677266081871343 0.8144899285250162 0.021198830409356724 0.03313840155945419
0 0.16611842105263158 0.06221572449642625 0.03344298245614035 0.05230669265756985
0 0.28252923976608185 0.04808317089018843 0.020650584795321638 0.03216374269005848
0 0.6161366959064327 0.36907082521117607 0.019371345029239765 0.03508771929824561
0 0.9648209064327485 0.22595841455490578 0.0400219298245614 0.0705003248862898
0 0.7498172514619883 0.35964912280701755 0.019371345029239765 0.029239766081871343
0 0.49488304093567254 0.43404808317089016 0.02850877192982456 0.0396361273554256
0 0.3858735380116959 0.14165042235217673 0.017909356725146198 0.030864197530864196
0 0.6107456140350878 0.7764782326185835 0.017726608187134504 0.031189083820662766
0 0.5505299707602339 0.18551007147498375 0.03819444444444445 0.06985055230669265
0 0.4468201754385965 0.4374593892137752 0.024671052631578948 0.043534762833008445
0 0.8345211988304093 0.22498375568551007 0.03508771929824561 0.05458089668615984
0 0.3769188596491228 0.615009746588694 0.017909356725146198 0.03183885640025991
0 0.20093201754385964 0.7790773229369721 0.031980994152046784 0.04548408057179987
0 0.8165204678362573 0.6965562053281351 0.02266081871345029 0.04093567251461988
0 0.37006578947368424 0.6102988953866146 0.02887426900584795 0.04645873944119558
0 0.1627375730994152 0.11582196231319038 0.02631578947368421 0.0451591942820013
0 0.6890533625730995 0.19476933073424302 0.027960526315789474 0.04710851202079272
0 0.3451206140350877 0.4239766081871345 0.015533625730994151 0.02664067576348278
0 0.7772295321637427 0.2777777777777778 0.017178362573099414 0.029889538661468484
0 0.5284173976608187 0.494314489928525 0.023026315789473683 0.0396361273554256
0 0.5848866959064327 0.34649122807017546 0.026133040935672515 0.04645873944119558
0 0.3468567251461988 0.13791423001949318 0.019371345029239765 0.028589993502274202
0 0.133406432748538 0.8822287199480182 0.020833333333333332 0.03508771929824561
0 0.21811038011695907 0.9015594541910331 0.01608187134502924 0.03346328784925276
0 0.7705592105263158 0.9813190383365822 0.037463450292397664 0.037361923326835605
0 0.6080043859649122 0.06481481481481481 0.020833333333333332 0.037361923326835605
0 0.6109283625730995 0.942495126705653 0.03252923976608187 0.057829759584145546
0 0.39903143274853803 0.5216049382716049 0.01608187134502924 0.028265107212475632
0 0.06798245614035088 0.51364522417154 0.02284356725146199 0.030864197530864196
0 0.2153691520467836 0.40009746588693956 0.03216374269005848 0.050682261208576995
0 0.3678728070175439 0.9283625730994152 0.02266081871345029 0.04256010396361273
0 0.12774122807017543 0.021280051981806367 0.013523391812865496 0.021767381416504222
0 0.12966008771929824 0.25877192982456143 0.027777777777777776 0.04061078622482131
0 0.36366959064327486 0.5657894736842105 0.01882309941520468 0.03866146848602989
0 0.28728070175438597 0.011208576998050682 0.019736842105263157 0.022417153996101363
0 0.543859649122807 0.253411306042885 0.01882309941520468 0.03281351526965562
0 0.5746527777777778 0.9793697205977908 0.019919590643274854 0.036062378167641324
0 0.6914290935672515 0.5539311241065628 0.020285087719298246 0.03313840155945419
0 0.540296052631579 0.7043534762833008 0.01644736842105263 0.03248862897985705
0 0.41721491228070173 0.605912930474334 0.016812865497076022 0.031189083820662766
0 0.5400219298245614 0.09616634178037686 0.014985380116959063 0.02599090318388564
0 0.08863304093567251 0.8580246913580247 0.025584795321637425 0.03833658219623132
0 0.03344298245614035 0.9163417803768681 0.02722953216374269 0.03996101364522417
0 0.5091374269005848 0.21539961013645223 0.030884502923976608 0.05198180636777128
0 0.41776315789473684 0.15675763482781027 0.0133406432748538 0.023391812865497075
0 0.6838450292397661 0.5167316439246263 0.022478070175438597 0.03833658219623132
0 0.3637609649122807 0.34324236517218976 0.018092105263157895 0.036062378167641324
0 0.07766812865497076 0.844541910331384 0.021929824561403508 0.036062378167641324
0 0.5972222222222222 0.8226120857699805 0.03892543859649123 0.06855100714749837
0 0.8333333333333334 0.7607212475633528 0.018457602339181287 0.03346328784925276
0 0.40003654970760233 0.3250487329434698 0.033808479532163746 0.07504873294346978
0 0.4199561403508772 0.4558154645873944 0.016812865497076022 0.023716699155295645
0 0.8012609649122807 0.3300844704353476 0.025219298245614034 0.0341130604288499
0 0.28307748538011696 0.9764457439896036 0.014619883040935672 0.02664067576348278
0 0.18740862573099415 0.7948343079922028 0.017909356725146198 0.030864197530864196
0 0.4718567251461988 0.10526315789473684 0.02887426900584795 0.049707602339181284
0 0.21948099415204678 0.4301494476933073 0.01663011695906433 0.030539311241065625
0 0.1225328947368421 0.9808317089018843 0.01516812865497076 0.03151397011046134
0 0.7875548245614035 0.47287199480181935 0.024671052631578948 0.0451591942820013
0 0.22934941520467836 0.14327485380116958 0.019005847953216373 0.03476283300844704
0 0.4628106725146199 0.5799220272904484 0.014071637426900584 0.024366471734892786
0 0.03554459064327485 0.8378817413905133 0.03892543859649123 0.06627680311890838
0 0.35444078947368424 0.1200454840805718 0.019736842105263157 0.04191033138401559
0 0.4588815789473684 0.40594541910331383 0.026133040935672515 0.04678362573099415
0 0.6260051169590644 0.8549382716049383 0.025950292397660817 0.04678362573099415
0 0.5646016081871345 0.9878167641325536 0.01918859649122807 0.024366471734892786
0 0.5444078947368421 0.9236517218973359 0.03033625730994152 0.05912930474333983
0 0.7533808479532164 0.3112410656270305 0.021564327485380116 0.03573749187784275
0 0.19718567251461988 0.5165692007797271 0.024305555555555556 0.044184535412605586
0 0.7468019005847953 0.46312540610786224 0.031980994152046784 0.058154645873944116
0 0.9540387426900585 0.02599090318388564 0.023757309941520467 0.04158544509421702
0 0.29641812865497075 0.5110461338531515 0.034722222222222224 0.05880441845354126
0 0.7237755847953217 0.5852826510721247 0.018457602339181287 0.030864197530864196
0 0.35681652046783624 0.32098765432098764 0.023391812865497075 0.030864197530864196
0 0.6587171052631579 0.7813515269655621 0.02101608187134503 0.04158544509421702
0 0.24022295321637427 0.8706952566601689 0.02942251461988304 0.04580896686159844
0 0.9897660818713451 0.028752436647173488 0.020285087719298246 0.0539311241065627
0 0.2465277777777778 0.8760558804418453 0.01608187134502924 0.028589993502274202
0 0.6684941520467836 0.07407407407407407 0.019005847953216373 0.03281351526965562
0 0.9182200292397661 0.05084470435347628 0.03508771929824561 0.05555555555555555
0 0.563139619883041 0.6678037686809617 0.02101608187134503 0.03833658219623132
0 0.6903326023391813 0.27501624431448995 0.04550438596491228 0.07667316439246263
0 0.48327850877192985 0.1453866146848603 0.015350877192982455 0.028914879792072773
0 0.5805921052631579 0.3794671864847303 0.022112573099415205 0.037361923326835605
0 0.26918859649122806 0.34649122807017546 0.02412280701754386 0.05328135152696556
0 0.684484649122807 0.17267706302794023 0.01827485380116959 0.03151397011046134
0 0.9123720760233918 0.50682261208577 0.02046783625730994 0.04093567251461988
0 0.8385416666666666 0.1928200129954516 0.025219298245614034 0.04126055880441845
0 0.6069078947368421 0.9023716699155295 0.015899122807017545 0.036062378167641324
0 0.7754020467836257 0.22855750487329435 0.017543859649122806 0.02794022092267706
0 0.29175804093567254 0.783625730994152 0.04057017543859649 0.08154645873944119
0 0.9658260233918129 0.04369720597790773 0.023391812865497075 0.03833658219623132
0 0.7278874269005848 0.18892137751786875 0.0222953216374269 0.037686809616634176
0 0.2054093567251462 0.3755685510071475 0.02046783625730994 0.036062378167641324
0 0.7881944444444444 0.1794996751137102 0.019371345029239765 0.037686809616634176
0 0.8686951754385965 0.12719298245614036 0.048793859649122806 0.08057179987004548
0 0.7528326023391813 0.2719298245614035 0.01663011695906433 0.024366471734892786
0 0.3848684210526316 0.9683235867446394 0.031067251461988302 0.0627030539311241
0 0.2951388888888889 0.9140675763482781 0.026498538011695907 0.04191033138401559
0 0.07666301169590643 0.1332033788174139 0.023757309941520467 0.036387264457439894
0 0.5555555555555556 0.24074074074074073 0.04239766081871345 0.0649772579597141
0 0.46747076023391815 0.552956465237167 0.014619883040935672 0.022742040285899934
0 0.9523026315789473 0.21296296296296297 0.01827485380116959 0.03151397011046134
0 0.7044042397660819 0.6608187134502924 0.017178362573099414 0.03541260558804418
0 0.45586622807017546 0.6122482131254061 0.020833333333333332 0.03931124106562703
0 0.4731359649122807 0.13044184535412606 0.012975146198830409 0.021442495126705652
0 0.6546052631578947 0.5581546458739441 0.028326023391812866 0.0451591942820013
0 0.600968567251462 0.4738466536712151 0.015716374269005847 0.029239766081871343
0 0.6701388888888888 0.11127355425601039 0.0266812865497076 0.05263157894736842
0 0.5063961988304093 0.4930149447693307 0.021929824561403508 0.03346328784925276
0 0.21390716374269006 0.8269980506822612 0.015899122807017545 0.025666016894087068
0 0.7919407894736842 0.8755685510071475 0.02905701754385965 0.051007147498375566
0 0.09329312865497076 0.033950617283950615 0.04294590643274854 0.06790123456790123
0 0.5454130116959064 0.12703053931124106 0.018457602339181287 0.029564652371669914
0 0.6227156432748538 0.5164067576348278 0.016812865497076022 0.029239766081871343
0 0.19517543859649122 0.9798570500324886 0.038559941520467836 0.04028589993502274
0 0.3485014619883041 0.1772254710851202 0.02046783625730994 0.03443794671864847
0 0.11769005847953216 0.5849577647823262 0.020285087719298246 0.03248862897985705
0 0.9325657894736842 0.25097465886939574 0.021747076023391813 0.02664067576348278
0 0.402046783625731 0.14554905782975958 0.018092105263157895 0.031189083820662766
0 0.4427083333333333 0.01023391812865497 0.023757309941520467 0.02046783625730994
0 0.15634137426900585 0.13580246913580246 0.021198830409356724 0.03248862897985705
0 0.8516995614035088 0.50682261208577 0.023391812865497075 0.038011695906432746
0 0.2082419590643275 0.35526315789473684 0.013157894736842105 0.022417153996101363
0 0.17790570175438597 0.29109811565951915 0.028143274853801168 0.036062378167641324
0 0.5231176900584795 0.8523391812865497 0.022478070175438597 0.037361923326835605
0 0.4538559941520468 0.9749837556855101 0.02540204678362573 0.049707602339181284
0 0.05546418128654971 0.5165692007797271 0.025584795321637425 0.04093567251461988
0 0.16072733918128654 0.9488304093567251 0.020650584795321638 0.03183885640025991
0 0.8237390350877193 0.019005847953216373 0.03728070175438596 0.038011695906432746
0 0.8974780701754386 0.3910006497725796 0.02412280701754386 0.050032488628979854
0 0.7755847953216374 0.2576348278102664 0.02046783625730994 0.03476283300844704
0 0.3659539473684211 0.8628979857050032 0.024853801169590642 0.05230669265756985
0 0.2810672514619883 0.6730019493177388 0.021747076023391813 0.0396361273554256
0 0.6108369883040936 0.9905782975958415 0.01663011695906433 0.018843404808317088
0 0.8812134502923976 0.07781026640675763 0.019371345029239765 0.03183885640025991
0 0.0939327485380117 0.10087719298245613 0.043859649122807015 0.06140350877192982
0 0.3304093567251462 0.22335932423651722 0.013706140350877192 0.02696556205328135
0 0.5968567251461988 0.6010396361273554 0.0133406432748538 0.024041585445094216
0 0.3397295321637427 0.08219623131903833 0.03125 0.04938271604938271
0 0.799890350877193 0.3632228719948018 0.02448830409356725 0.04158544509421702
0 0.16237207602339182 0.9696231319038336 0.026133040935672515 0.04678362573099415
0 0.2821637426900585 0.7917478882391163 0.0222953216374269 0.042884990253411304
0 0.317891081871345 0.014782326185834957 0.015533625730994151 0.028589993502274202
0 0.6115679824561403 0.8367446393762183 0.028326023391812866 0.05588044184535412
0 0.059667397660818716 0.3349577647823262 0.022112573099415205 0.03151397011046134
0 0.5392909356725146 0.19996751137102015 0.026133040935672515 0.04548408057179987
0 0.4621710526315789 0.5053606237816765 0.014985380116959063 0.02664067576348278
0 0.6402595029239766 0.7457764782326186 0.017361111111111112 0.030214424951267055
0 0.9601608187134503 0.09697855750487329 0.04623538011695907 0.09389213775178687
0 0.48739035087719296 0.37962962962962965 0.015899122807017545 0.02794022092267706
0 0.9526681286549707 0.17771280051981805 0.023026315789473683 0.04028589993502274
0 0.9201388888888888 0.437946718648473 0.014071637426900584 0.02664067576348278
0 0.48008040935672514 0.01332033788174139 0.04093567251461988 0.02664067576348278
0 0.8041849415204678 0.13791423001949318 0.012426900584795321 0.01916829109811566
0 0.3510599415204678 0.8875893437296946 0.018457602339181287 0.030864197530864196
0 0.39921418128654973 0.08105912930474334 0.021929824561403508 0.04061078622482131
0 0.6050804093567251 0.576835607537362 0.02284356725146199 0.03216374269005848
0 0.46463815789473684 0.3877517868745939 0.020650584795321638 0.036062378167641324
0 0.3456688596491228 0.4028589993502274 0.020650584795321638 0.03313840155945419
0 0.517452485380117 0.29564652371669914 0.01608187134502924 0.03508771929824561
0 0.5745614035087719 0.2756660168940871 0.01516812865497076 0.02631578947368421
0 0.4708516081871345 0.050032488628979854 0.02284356725146199 0.04093567251461988
0 0.3406432748538012 0.25584795321637427 0.018457602339181287 0.036712150747238464
0 0.2849049707602339 0.2037037037037037 0.02046783625730994 0.04093567251461988
0 0.6136695906432749 0.23716699155295645 0.015716374269005847 0.028914879792072773
0 0.5795869883040936 0.32651072124756336 0.021198830409356724 0.038011695906432746
0 0.8300438596491229 0.28037686809616635 0.021747076023391813 0.036387264457439894
0 0.7336440058479532 0.2103638726445744 0.020833333333333332 0.036712150747238464
0 0.8344298245614035 0.0670890188434048 0.020833333333333332 0.036712150747238464
0 0.2394919590643275 0.07504873294346978 0.020833333333333332 0.031189083820662766
0 0.028965643274853802 0.9337231968810916 0.02887426900584795 0.04873294346978557
0 0.2732090643274854 0.6007147498375569 0.018457602339181287 0.030864197530864196
0 0.13797514619883042 0.9831059129304743 0.027412280701754384 0.03346328784925276
0 0.8526133040935673 0.8676088369070826 0.023757309941520467 0.04223521767381416
0 0.2805190058479532 0.2581221572449643 0.02046783625730994 0.03476283300844704
0 0.08104897660818713 0.6790123456790124 0.021929824561403508 0.03151397011046134
0 0.34137426900584794 0.04532163742690058 0.023026315789473683 0.04093567251461988
0 0.5032894736842105 0.2644574398960364 0.024853801169590642 0.04093567251461988
0 0.07191154970760234 0.45727745289148797 0.024305555555555556 0.03931124106562703
0 0.004660087719298245 0.36533463287849255 0.00932017543859649 0.0451591942820013
0 0.2080592105263158 0.3328460038986355 0.015533625730994151 0.028914879792072773
0 0.5735562865497076 0.5134827810266407 0.01608187134502924 0.024691358024691357
0 0.5463267543859649 0.08414554905782975 0.014619883040935672 0.02631578947368421
0 0.513797514619883 0.09600389863547758 0.012975146198830409 0.02664067576348278
0 0.8573647660818714 0.8468161143599741 0.019919590643274854 0.03151397011046134
0 0.7460709064327485 0.2080896686159844 0.031067251461988302 0.04548408057179987
0 0.04870248538011696 0.16228070175438597 0.021564327485380116 0.0341130604288499
0 0.7701937134502924 0.09551656920077972 0.019005847953216373 0.030864197530864196
0 0.7832602339181286 0.7279077322936972 0.021564327485380116 0.03476283300844704
0 0.5867141812865497 0.5797595841455491 0.02010233918128655 0.04158544509421702
0 0.5805921052631579 0.2080896686159844 0.019554093567251463 0.029564652371669914
0 0.1383406432748538 0.5565302144249513 0.022112573099415205 0.030214424951267055
0 0.5755665204678363 0.6705653021442495 0.013157894736842105 0.02599090318388564
0 0.6262792397660819 0.15919428200129954 0.016264619883040937 0.029889538661468484
0 0.18439327485380116 0.13937621832358674 0.03179824561403509 0.05555555555555555
0 0.7890168128654971 0.43778427550357374 0.028691520467836257 0.049707602339181284
0 0.14601608187134502 0.859324236517219 0.03399122807017544 0.05328135152696556
0 0.5109649122807017 0.8239116309291747 0.01827485380116959 0.03346328784925276
0 0.34713084795321636 0.40627030539311243 0.02850877192982456 0.051332033788174136
0 0.9268092105263158 0.018518518518518517 0.025584795321637425 0.037037037037037035
0 0.38633040935672514 0.1609811565951917 0.018457602339181287 0.030214424951267055
0 0.2410453216374269 0.012833008447043534 0.0266812865497076 0.025666016894087068
0 0.784265350877193 0.2134502923976608 0.015350877192982455 0.025666016894087068
0 0.3260233918128655 0.8284600389863548 0.013706140350877192 0.02014294996751137
0 0.6525036549707602 0.5696881091617934 0.038011695906432746 0.06985055230669265
0 0.2522843567251462 0.814327485380117 0.012609649122807017 0.021767381416504222
0 0.39418859649122806 0.9858674463937622 0.01516812865497076 0.02761533463287849
0 0.933296783625731 0.054093567251461985 0.020285087719298246 0.03313840155945419
0 0.6713267543859649 0.008934372969460688 0.03527046783625731 0.017868745938921377
0 0.7709247076023392 0.015919428200129954 0.039473684210526314 0.03151397011046134
0 0.8721673976608187 0.06010396361273554 0.039656432748538015 0.06042884990253411
0 0.4965277777777778 0.14262508122157244 0.015899122807017545 0.030864197530864196
0 0.5152595029239766 0.4571150097465887 0.019919590643274854 0.036387264457439894
0 0.43220029239766083 0.7891487979207278 0.02266081871345029 0.04775828460038986
0 0.7790570175438597 0.44217024041585445 0.013888888888888888 0.028914879792072773
0 0.9943347953216374 0.10380116959064327 0.011330409356725146 0.036062378167641324
0 0.5398391812865497 0.960688758934373 0.017361111111111112 0.029564652371669914
0 0.8846856725146199 0.2774528914879792 0.030884502923976608 0.044509421702404156
0 0.3096673976608187 0.3235867446393762 0.019736842105263157 0.03216374269005848
0 0.030519005847953216 0.008609486679662118 0.031067251461988302 0.017218973359324236
0 0.2953216374269006 0.7654320987654321 0.03033625730994152 0.04580896686159844
0 0.34311038011695905 0.4991877842755036 0.025950292397660817 0.04710851202079272
0 0.7589546783625731 0.5573424301494477 0.03326023391812866 0.04645873944119558
0 0.3360745614035088 0.29223521767381416 0.012244152046783625 0.023066926575698504
0 0.95796783625731 0.11533463287849252 0.03307748538011696 0.05458089668615984
0 0.7520102339181286 0.20727745289148797 0.019919590643274854 0.03541260558804418
0 0.05482456140350877 0.13921377517868747 0.016264619883040937 0.029239766081871343
0 0.6204312865497076 0.9751461988304093 0.015716374269005847 0.0341130604288499
0 0.6906067251461988 0.014294996751137101 0.015899122807017545 0.028589993502274202
0 0.6411732456140351 0.6882716049382716 0.03070175438596491 0.051332033788174136
0 0.7040387426900585 0.5214424951267057 0.02412280701754386 0.042884990253411304
0 0.8159722222222222 0.6536712150747238 0.02503654970760234 0.03866146848602989
0 0.1367872807017544 0.9600389863547758 0.026498538011695907 0.04873294346978557
0 0.5508954678362573 0.8854775828460039 0.018092105263157895 0.029564652371669914
0 0.6920687134502924 0.30246913580246915 0.02138157894736842 0.03476283300844704
0 0.8820358187134503 0.00958414554905783 0.023026315789473683 0.01916829109811566
0 0.45650584795321636 0.3447043534762833 0.030153508771929825 0.04905782975958414
0 0.1853983918128655 0.9871669915529565 0.02284356725146199 0.025666016894087068
0 0.17351973684210525 0.8416179337231969 0.01882309941520468 0.03346328784925276
0 0.7438779239766082 0.9624756335282652 0.023026315789473683 0.04191033138401559
0 0.783625730994152 0.29434697855750486 0.023574561403508772 0.03541260558804418
0 0.27978801169590645 0.6457115009746589 0.02101608187134503 0.0396361273554256
0 0.6864948830409356 0.7803768680961664 0.029605263157894735 0.05360623781676413
0 0.7654422514619883 0.5188434048083171 0.022478070175438597 0.04061078622482131
0 0.03125 0.14814814814814814 0.023940058479532164 0.03541260558804418
0 0.3188048245614035 0.904320987654321 0.014802631578947368 0.024366471734892786
0 0.8562682748538012 0.42137751786874594 0.02046783625730994 0.030539311241065625
0 0.6126644736842105 0.08154645873944119 0.017543859649122806 0.030539311241065625
0 0.1840277777777778 0.06952566601689408 0.020285087719298246 0.037361923326835605
0 0.9676535087719298 0.024853801169590642 0.03837719298245614 0.049707602339181284
0 0.6818347953216374 0.06351526965562053 0.020285087719298246 0.03476283300844704
0 0.5027412280701754 0.9564652371669915 0.02266081871345029 0.04256010396361273
0 0.7224049707602339 0.13206627680311891 0.0133406432748538 0.021767381416504222
0 0.3981176900584795 0.007309941520467836 0.031615497076023395 0.014619883040935672
0 0.8086622807017544 0.30571799870045485 0.014619883040935672 0.023066926575698504
0 0.877375730994152 0.6325536062378168 0.025219298245614034 0.04061078622482131
0 0.35718201754385964 0.5061728395061729 0.01114766081871345 0.0198180636777128
0 0.17114400584795322 0.18680961663417803 0.02412280701754386 0.03931124106562703
0 0.3527960526315789 0.2444769330734243 0.021929824561403508 0.04548408057179987
0 0.7958698830409356 0.16309291747888238 0.019736842105263157 0.03541260558804418
0 0.20476973684210525 0.39571150097465885 0.0268640350877193 0.04580896686159844
0 0.32574926900584794 0.5916179337231969 0.010599415204678362 0.01916829109811566
0 0.49278143274853803 0.3476283300844704 0.0222953216374269 0.03476283300844704
0 0.30171783625730997 0.9085445094217024 0.014619883040935672 0.028265107212475632
0 0.3620248538011696 0.9912280701754386 0.019736842105263157 0.017543859649122806
0 0.6776315789473685 0.678849902534113 0.019554093567251463 0.037037037037037035
0 0.307108918128655 0.5097465886939572 0.015533625730994151 0.02761533463287849
0 0.37335526315789475 0.5610786224821313 0.01827485380116959 0.02729044834307992
0 0.20687134502923976 0.9645873944119558 0.020650584795321638 0.03183885640025991
0 0.3468567251461988 0.08674463937621832 0.02046783625730994 0.03443794671864847
0 0.3483187134502924 0.5454840805717999 0.016264619883040937 0.028589993502274202
0 0.9003106725146199 0.46182586094866795 0.021747076023391813 0.037686809616634176
0 0.06578947368421052 0.43209876543209874 0.025767543859649123 0.04061078622482131
0 0.8968384502923976 0.3619233268356075 0.023391812865497075 0.04028589993502274
0 0.8624817251461988 0.08447043534762833 0.02412280701754386 0.037361923326835605
0 0.5479714912280702 0.007309941520467836 0.018457602339181287 0.014619883040935672
0 0.18119517543859648 0.0198180636777128 0.02284356725146199 0.0396361273554256
0 0.4961622807017544 0.010396361273554255 0.027777777777777776 0.02079272254710851
0 0.887609649122807 0.5175438596491229 0.020833333333333332 0.03183885640025991
0 0.7894736842105263 0.4346978557504873 0.01699561403508772 0.03281351526965562
0 0.5041118421052632 0.6177712800519818 0.01663011695906433 0.029239766081871343
0 0.5728252923976608 0.08755685510071474 0.021564327485380116 0.037037037037037035
0 0.7697368421052632 0.21881091617933723 0.0133406432748538 0.024691358024691357
0 0.8337902046783626 0.8575373619233269 0.016812865497076022 0.028589993502274202
0 0.23391812865497075 0.8611111111111112 0.016264619883040937 0.02794022092267706
0 0.4567799707602339 0.42381416504223524 0.02010233918128655 0.029564652371669914
0 0.7767726608187134 0.7077647823261858 0.027595029239766082 0.050032488628979854
0 0.3879751461988304 0.9483430799220273 0.021929824561403508 0.04158544509421702
0 0.33013523391812866 0.015594541910331383 0.019919590643274854 0.031189083820662766
0 0.7846308479532164 0.3612735542560104 0.020285087719298246 0.0341130604288499
0 0.6235380116959064 0.8934372969460689 0.012792397660818713 0.028589993502274202
0 0.4168494152046784 0.2802144249512671 0.023757309941520467 0.04580896686159844
0 0.5096856725146199 0.03216374269005848 0.012426900584795321 0.02079272254710851
0 0.26781798245614036 0.3346328784925276 0.02138157894736842 0.029239766081871343
0 0.30875365497076024 0.5290773229369721 0.015716374269005847 0.02794022092267706
0 0.39190423976608185 0.9384340480831709 0.014985380116959063 0.02599090318388564
0 0.8397295321637427 0.46426250812215725 0.018092105263157895 0.028265107212475632
0 0.5143457602339181 0.9366471734892787 0.04861111111111111 0.09519168291098115
0 0.11869517543859649 0.04028589993502274 0.02320906432748538 0.03996101364522417
0 0.7537463450292398 0.9897660818713451 0.019919590643274854 0.02046783625730994
0 0.6536001461988304 0.5326510721247564 0.021747076023391813 0.03476283300844704
0 0.5814144736842105 0.251137102014295 0.012792397660818713 0.024691358024691357
0 0.7300804093567251 0.07326185834957764 0.01827485380116959 0.030539311241065625
0 0.33771929824561403 0.9585769980506823 0.019919590643274854 0.03281351526965562
0 0.004203216374269006 0.5445094217024041 0.008406432748538011 0.036712150747238464
0 0.04303728070175439 0.9910656270305394 0.031615497076023395 0.017868745938921377
0 0.4546783625730994 0.9861923326835608 0.02101608187134503 0.02761533463287849
0 0.4401498538011696 0.4109811565951917 0.01608187134502924 0.02631578947368421
0 0.29084429824561403 0.15659519168291097 0.015533625730994151 0.02794022092267706
0 0.636421783625731 0.016894087069525665 0.015899122807017545 0.03183885640025991
0 0.5646929824561403 0.6933073424301495 0.019005847953216373 0.030864197530864196
0 0.15076754385964913 0.5419103313840156 0.020833333333333332 0.031189083820662766
0 0.9950657894736842 0.3835282651072125 0.009868421052631578 0.037361923326835605
0 0.6769005847953217 0.316601689408707 0.012975146198830409 0.023066926575698504
0 0.0758406432748538 0.04093567251461988 0.023757309941520467 0.0341130604288499
0 0.4184027777777778 0.1770630279402209 0.01516812865497076 0.023716699155295645
0 0.427266081871345 0.3958739441195582 0.019371345029239765 0.04191033138401559
0 0.9894005847953217 0.14035087719298245 0.021198830409356724 0.07797270955165692
0 0.1841191520467836 0.1825860948667966 0.01663011695906433 0.03151397011046134
0 0.67671783625731 0.20305393112410655 0.01864035087719298 0.03573749187784275
0 0.16054459064327486 0.19022092267706303 0.027960526315789474 0.04613385315139701
0 0.8154239766081871 0.8315464587394412 0.014071637426900584 0.024366471734892786
0 0.32227704678362573 0.7803768680961664 0.019371345029239765 0.028914879792072773
0 0.6546052631578947 0.8240740740740741 0.0266812865497076 0.048408057179987
0 0.5259502923976608 0.8542884990253411 0.0133406432748538 0.02599090318388564
0 0.0031067251461988302 0.2222222222222222 0.0062134502923976605 0.044184535412605586
0 0.8628472222222222 0.050032488628979854 0.024853801169590642 0.043534762833008445
0 0.35718201754385964 0.49415204678362573 0.010416666666666666 0.017218973359324236
0 0.09685672514619884 0.5058479532163743 0.021929824561403508 0.03508771929824561
0 0.8291301169590644 0.39847303443794674 0.017178362573099414 0.03183885640025991
0 0.08388157894736842 0.10331384015594541 0.0266812865497076 0.0396361273554256
0 0.5699013157894737 0.1341780376868096 0.020833333333333332 0.0341130604288499
0 0.6393457602339181 0.0813840155945419 0.027046783625730993 0.051007147498375566
0 0.5304276315789473 0.9879792072774529 0.023574561403508772 0.024041585445094216
0 0.09338450292397661 0.8336582196231319 0.01699561403508772 0.030864197530864196
0 0.6092836257309941 0.8057179987004548 0.01663011695906433 0.030539311241065625
0 0.33415570175438597 0.10932423651721897 0.023574561403508772 0.043534762833008445
0 0.0642361111111111 0.9910656270305394 0.03271198830409357 0.017868745938921377
0 0.6163194444444444 0.9194282001299545 0.01608187134502924 0.02729044834307992
0 0.4399671052631579 0.7946718648473035 0.03892543859649123 0.06205328135152696
0 0.006396198830409356 0.6401884340480831 0.012792397660818713 0.06887589343729694
0 0.11138523391812866 0.22936972059779076 0.03234649122807018 0.05425601039636127
0 0.8238304093567251 0.2300194931773879 0.017909356725146198 0.03378817413905133
0 0.5782163742690059 0.8947368421052632 0.021198830409356724 0.037686809616634176
0 0.45230263157894735 0.9673489278752436 0.019005847953216373 0.03281351526965562
0 0.7619700292397661 0.7053281351526965 0.05610380116959064 0.07472384665367121
0 0.7540204678362573 0.6770630279402209 0.021747076023391813 0.03541260558804418
0 0.9525767543859649 0.4582521117608837 0.019005847953216373 0.024041585445094216
0 0.7879203216374269 0.7933723196881092 0.017909356725146198 0.028914879792072773
0 0.5990497076023392 0.9935022742040286 0.021929824561403508 0.01299545159194282
0 0.5882675438596491 0.2969460688758934 0.015533625730994151 0.03216374269005848
0 0.7786915204678363 0.19866796621182586 0.013157894736842105 0.01916829109811566
0 0.936860380116959 0.3667966211825861 0.04276315789473684 0.07082521117608837
0 0.044316520467836254 0.6790123456790124 0.02905701754385965 0.04938271604938271
0 0.8308662280701754 0.10266406757634827 0.02101608187134503 0.02696556205328135
0 0.8908991228070176 0.3799545159194282 0.039473684210526314 0.07407407407407407
0 0.5508040935672515 0.5173814165042235 0.017178362573099414 0.02664067576348278
0 0.4222404970760234 0.3602988953866147 0.02010233918128655 0.03866146848602989
0 0.7796966374269005 0.7504873294346979 0.02448830409356725 0.043209876543209874
0 0.8730811403508771 0.6613060428849903 0.025767543859649123 0.04191033138401559
0 0.04258040935672515 0.8825536062378168 0.0268640350877193 0.04223521767381416
0 0.03262061403508772 0.38417803768680964 0.015716374269005847 0.023391812865497075
0 0.9331140350877193 0.40497076023391815 0.04148391812865497 0.07082521117608837
0 0.856359649122807 0.5298895386614685 0.023574561403508772 0.03476283300844704
0 0.7754020467836257 0.2435022742040286 0.01425438596491228 0.021442495126705652
0 0.16639254385964913 0.8581871345029239 0.02101608187134503 0.03443794671864847
0 0.6912463450292398 0.5329759584145549 0.027412280701754384 0.04158544509421702
0 0.5305190058479532 0.9678362573099415 0.02284356725146199 0.044509421702404156