0 0.6714181286549707 0.7777777777777778 0.03289473684210526 0.05912930474333983
0 0.2608735380116959 0.9103313840155945 0.025219298245614034 0.043209876543209874
0 0.402046783625731 0.7387914230019493 0.025767543859649123 0.04613385315139701
0 0.5878106725146199 0.7123131903833658 0.024305555555555556 0.043209876543209874
0 0.3599232456140351 0.5329759584145549 0.02448830409356725 0.043859649122807015
0 0.12746710526315788 0.694769330734243 0.017361111111111112 0.029889538661468484
0 0.6522295321637427 0.7527615334632879 0.025584795321637425 0.043859649122807015
0 0.39016812865497075 0.1627680311890838 0.021929824561403508 0.04191033138401559
0 0.5142543859649122 0.7720922677063028 0.02631578947368421 0.04483430799220273
0 0.8258406432748538 0.9744964262508122 0.030884502923976608 0.04905782975958414
0 0.46555190058479534 0.24967511371020143 0.022478070175438597 0.042884990253411304
0 0.5957602339181286 0.5220922677063028 0.02266081871345029 0.03898635477582846
0 0.6464729532163743 0.9556530214424951 0.02448830409356725 0.04191033138401559
0 0.5761147660818714 0.291585445094217 0.023940058479532164 0.04191033138401559
0 0.5803179824561403 0.06416504223521767 0.028326023391812866 0.05328135152696556
0 0.16401681286549707 0.9035087719298246 0.031432748538011694 0.05328135152696556
0 0.41328581871345027 0.6457115009746589 0.02448830409356725 0.043209876543209874
0 0.12978618421052632 0.898619233268356 0.0402046783625731 0.057115009746588695
0 0.8337792397660818 0.28971734892787526 0.020899122807017542 0.04336907082521118
0 0.3982090643274854 0.8421052631578947 0.030153508771929825 0.05425601039636127
0 0.6618238304093568 0.2686809616634178 0.028326023391812866 0.04645873944119558
0 0.8552631578947368 0.45191682910981157 0.023026315789473683 0.03996101364522417
0 0.11092836257309942 0.12183235867446393 0.023940058479532164 0.04126055880441845
0 0.3674159356725146 0.865009746588694 0.028143274853801168 0.05165692007797271
0 0.15341739766081872 0.5488953866146848 0.021198830409356724 0.038011695906432746
0 0.6271016081871345 0.6798245614035088 0.031432748538011694 0.05490578297595841
0 0.7302631578947368 0.6065627030539311 0.03125 0.0539311241065627
0 0.339546783625731 0.46507472384665366 0.021198830409356724 0.0451591942820013
0 0.33415570175438597 0.96816114359974 0.030153508771929825 0.051007147498375566
0 0.36915204678362573 0.567738791423002 0.027595029239766082 0.04873294346978557
0 0.6131213450292398 0.8822287199480182 0.03125 0.057179987004548405
0 0.9385964912280702 0.5021117608836907 0.030884502923976608 0.05295646523716699
0 0.6511330409356725 0.9031838856400259 0.04331140350877193 0.07797270955165692
0 0.14071637426900585 0.7811890838206628 0.03892543859649123 0.06855100714749837
0 0.6271016081871345 0.9806692657569851 0.03307748538011696 0.03866146848602989
0 0.41228070175438597 0.6881091617933723 0.033808479532163746 0.06010396361273554
0 0.3651315789473684 0.9197530864197531 0.03289473684210526 0.058154645873944116
0 0.23538011695906433 0.872482131254061 0.039473684210526314 0.06855100714749837
0 0.8305921052631579 0.6502599090318388 0.03782894736842105 0.06757634827810266
0 0.9478252923976608 0.8427550357374919 0.03125 0.05263157894736842
0 0.3098501461988304 0.9241390513320338 0.042214912280701754 0.07862248213125406
0 0.3896198830409357 0.5609161793372319 0.029239766081871343 0.05620532813515269
0 0.6508589181286549 0.6962313190383366 0.03344298245614035 0.06107862248213125
0 0.1611842105263158 0.6398635477582846 0.02503654970760234 0.043534762833008445
0 0.30720029239766083 0.5558804418453541 0.027046783625730993 0.04483430799220273
0 0.5928362573099415 0.42251461988304095 0.025584795321637425 0.043534762833008445
0 0.5238486842105263 0.44964262508122155 0.019554093567251463 0.036387264457439894
0 0.8833497807017543 0.36050032488628975 0.024325657894736844 0.046617933723196885
0 0.7147295321637427 0.6825860948667967 0.02284356725146199 0.03866146848602989
0 0.45358187134502925 0.6302794022092267 0.028691520467836257 0.051007147498375566
0 0.6055372807017544 0.18226120857699804 0.026133040935672515 0.04905782975958414
0 0.17635233918128654 0.8055555555555556 0.028326023391812866 0.05198180636777128
0 0.40140716374269003 0.7690058479532164 0.021198830409356724 0.03476283300844704
0 0.9662828947368421 0.9072449642625081 0.04239766081871345 0.07244964262508122
0 0.7071454678362573 0.29142300194931775 0.01882309941520468 0.03378817413905133
0 0.7151864035087719 0.9348602988953866 0.019919590643274854 0.03541260558804418
0 0.5158991228070176 0.34291747888239116 0.019554093567251463 0.03476283300844704
0 0.3658625730994152 0.43778427550357374 0.021747076023391813 0.04061078622482131
0 0.6194261695906432 0.9548408057179987 0.02631578947368421 0.04775828460038986
0 0.24031432748538012 0.9658869395711501 0.029605263157894735 0.05263157894736842
0 0.7068713450292398 0.8369070825211176 0.04276315789473684 0.08219623131903833
0 0.11631944444444445 0.7435022742040286 0.027777777777777776 0.04678362573099415
0 0.3827668128654971 0.42673814165042234 0.02101608187134503 0.04093567251461988
0 0.9216008771929824 0.3315464587394412 0.027595029239766082 0.04905782975958414
0 0.5277777777777778 0.6820987654320988 0.03728070175438596 0.06790123456790123
0 0.09685672514619884 0.5830084470435347 0.02850877192982456 0.04645873944119558
0 0.7446089181286549 0.631578947368421 0.03216374269005848 0.05490578297595841
0 0.26854897660818716 0.7964587394411956 0.030884502923976608 0.05295646523716699
0 0.8766447368421053 0.4304743339831059 0.031980994152046784 0.05847953216374269
0 0.4301900584795322 0.2006172839506173 0.017726608187134504 0.04061078622482131
0 0.6705957602339181 0.6892462638076673 0.030519005847953216 0.057504873294346975
0 0.9763340643274854 0.8190383365821963 0.029788011695906433 0.05263157894736842
0 0.7955957602339181 0.3807667316439246 0.03252923976608187 0.0594541910331384
0 0.7042214912280702 0.25714749837556855 0.0268640350877193 0.04645873944119558
0 0.8547149122807017 0.676575698505523 0.029605263157894735 0.04678362573099415
0 0.7255116959064327 0.7641325536062378 0.03252923976608187 0.05490578297595841
0 0.6047149122807017 0.9403833658219624 0.026498538011695907 0.050357374918778425
0 0.46637426900584794 0.44184535412605586 0.02010233918128655 0.03866146848602989
0 0.9106359649122807 0.6616309291747888 0.03435672514619883 0.056530214424951264
0 0.49780701754385964 0.8336582196231319 0.024853801169590642 0.04028589993502274
0 0.5243969298245614 0.8062053281351527 0.02010233918128655 0.037361923326835605
0 0.8981176900584795 0.9597141000649773 0.03070175438596491 0.04743339831059129
0 0.5722770467836257 0.717511371020143 0.01882309941520468 0.037361923326835605
0 0.45376461988304095 0.29792072774528916 0.017726608187134504 0.043209876543209874
0 0.45129751461988304 0.26072124756335285 0.017726608187134504 0.03378817413905133
0 0.7479897660818714 0.17868745938921377 0.0222953216374269 0.04191033138401559
0 0.13788377192982457 0.7298570500324886 0.03179824561403509 0.05230669265756985
0 0.037463450292397664 0.6643924626380767 0.023026315789473683 0.0396361273554256
0 0.8646747076023392 0.7599090318388564 0.041849415204678365 0.07277452891487979
0 0.7924890350877193 0.26819363222871995 0.024853801169590642 0.050682261208576995
0 0.28380847953216376 0.32423651721897334 0.025584795321637425 0.051007147498375566
0 0.796235380116959 0.8164392462638077 0.04550438596491228 0.06985055230669265
0 0.47837536549707604 0.8991845354126056 0.03279970760233918 0.045776478232618587
0 0.3107638888888889 0.07033788174139051 0.01644736842105263 0.028589993502274202
0 0.5750182748538012 0.7842755035737492 0.021929824561403508 0.038011695906432746
0 0.9832785087719298 0.8721572449642625 0.03344298245614035 0.07667316439246263
0 0.01653874269005848 0.3599740090968161 0.026498538011695907 0.04548408057179987
0 0.7237755847953217 0.5776478232618584 0.02887426900584795 0.04775828460038986
0 0.9619883040935673 0.6033138401559455 0.029239766081871343 0.04743339831059129
0 0.5960343567251462 0.47319688109161795 0.029605263157894735 0.05230669265756985
0 0.2235014619883041 0.5693632228719948 0.025584795321637425 0.04061078622482131
0 0.924250730994152 0.38953866146848604 0.026498538011695907 0.04743339831059129
0 0.3666374269005848 0.13601039636127354 0.016275584795321638 0.03145549057829759
0 0.7372989766081871 0.6640675763482781 0.021929824561403508 0.037686809616634176
0 0.3088450292397661 0.7842755035737492 0.019919590643274854 0.03541260558804418
0 0.2412280701754386 0.6323911630929174 0.024853801169590642 0.044509421702404156
0 0.36047149122807015 0.6491228070175439 0.022478070175438597 0.04223521767381416
0 0.6959978070175439 0.11712150747238466 0.018092105263157895 0.03378817413905133
0 0.5010051169590644 0.5331384015594542 0.016264619883040937 0.030214424951267055
0 0.8081140350877193 0.27956465237166994 0.019554093567251463 0.03833658219623132
0 0.847953216374269 0.5185185185185185 0.025767543859649123 0.0451591942820013
0 0.47478070175438597 0.2919103313840156 0.01663011695906433 0.037037037037037035
0 0.8180738304093568 0.76137102014295 0.031067251461988302 0.050357374918778425
0 0.7254203216374269 0.3538011695906433 0.027777777777777776 0.04775828460038986
0 0.4152960526315789 0.489766081871345 0.024853801169590642 0.03996101364522417
0 0.585343567251462 0.8317089018843404 0.015533625730994151 0.029239766081871343
0 0.16410818713450293 0.8253736192332684 0.028326023391812866 0.04808317089018843
0 0.027869152046783627 0.9137426900584795 0.026498538011695907 0.04223521767381416
0 0.8866959064327485 0.7899610136452242 0.025219298245614034 0.043209876543209874
0 0.9570540935672515 0.7600714749837557 0.023574561403508772 0.04093567251461988
0 0.7109831871345029 0.9858674463937622 0.02905701754385965 0.028265107212475632
0 0.9158442982456141 0.6080246913580247 0.021198830409356724 0.03541260558804418
0 0.8634868421052632 0.5805717998700455 0.03070175438596491 0.05263157894736842
0 0.4324744152046784 0.8614359974009097 0.02942251461988304 0.05458089668615984
0 0.8495979532163743 0.37962962962962965 0.03344298245614035 0.056530214424951264
0 0.24835526315789475 0.5812215724496427 0.021198830409356724 0.036062378167641324
0 0.3275767543859649 0.5420727745289149 0.029605263157894735 0.050357374918778425
0 0.27677266081871343 0.14181286549707603 0.021564327485380116 0.04028589993502274
0 0.9164839181286549 0.5880441845354126 0.02101608187134503 0.03346328784925276
0 0.32264254385964913 0.7108512020792722 0.03271198830409357 0.05588044184535412
0 0.8725328947368421 0.23830409356725146 0.024671052631578948 0.04093567251461988
0 0.013157894736842105 0.9792072774528915 0.02631578947368421 0.04158544509421702
0 0.6281067251461988 0.7943469785575049 0.021564327485380116 0.03833658219623132
0 0.5457785087719298 0.6210201429499675 0.036915204678362575 0.06400259909031839
0 0.4203216374269006 0.1562703053931124 0.02266081871345029 0.03931124106562703
0 0.09365862573099415 0.9385964912280702 0.039656432748538015 0.06920077972709551
0 0.5212171052631579 0.4989148797920728 0.00995796783625731 0.028771929824561403
0 0.6985562865497076 0.7179987004548408 0.02448830409356725 0.043859649122807015
0 0.5088633040935673 0.6801494476933073 0.019736842105263157 0.03346328784925276
0 0.5148940058479532 0.29792072774528916 0.023391812865497075 0.04061078622482131
0 0.49264254385964906 0.429769330734243 0.023854166666666666 0.042264457439896035
0 0.01745248538011696 0.6536712150747238 0.034173976608187134 0.058154645873944116
0 0.113578216374269 0.5384990253411306 0.031980994152046784 0.051007147498375566
0 0.71390716374269 0.32342430149447693 0.026133040935672515 0.04873294346978557
0 0.21134868421052633 0.8994476933073424 0.02138157894736842 0.04093567251461988
0 0.30025584795321636 0.7292072774528915 0.028691520467836257 0.04808317089018843
0 0.9642726608187134 0.46312540610786224 0.02540204678362573 0.04158544509421702
0 0.7125365497076024 0.2158869395711501 0.02101608187134503 0.036712150747238464
0 0.4559576023391813 0.20857699805068225 0.02266081871345029 0.04093567251461988
0 0.01160453216374269 0.8576998050682261 0.02320906432748538 0.044509421702404156
0 0.3489583333333333 0.6627680311890838 0.021564327485380116 0.04158544509421702
0 0.6024305555555556 0.562053281351527 0.014071637426900584 0.025666016894087068
0 0.6890533625730995 0.38791423001949316 0.03709795321637427 0.06725146198830409
0 0.333516081871345 0.8326835607537362 0.039473684210526314 0.06725146198830409
0 0.26169590643274854 0.9486679662118258 0.031067251461988302 0.042884990253411304
0 0.07099780701754387 0.3853151397011046 0.018092105263157895 0.03313840155945419
0 0.28344298245614036 0.6457115009746589 0.021564327485380116 0.03996101364522417
0 0.15341739766081872 0.6942820012995452 0.014437134502923976 0.02631578947368421
0 0.264437134502924 0.6564327485380117 0.02448830409356725 0.03833658219623132
0 0.7807931286549707 0.06595191682910981 0.01516812865497076 0.03216374269005848
0 0.020285087719298246 0.8130279402209227 0.03709795321637427 0.05588044184535412
0 0.12874634502923976 0.4498050682261209 0.027046783625730993 0.04710851202079272
0 0.1650219298245614 0.8589993502274204 0.03728070175438596 0.06172839506172839
0 0.6716922514619883 0.12735542560103963 0.03399122807017544 0.05977907732293697
0 0.9833698830409356 0.7397660818713451 0.03326023391812866 0.06172839506172839
0 0.01644736842105263 0.24772579597141 0.017543859649122806 0.030864197530864196
0 0.8453947368421053 0.5882066276803118 0.029239766081871343 0.05263157894736842
0 0.20641447368421054 0.05766731643924626 0.017543859649122806 0.04126055880441845
0 0.41812865497076024 0.767056530214425 0.0222953216374269 0.03996101364522417
0 0.4338450292397661 0.4832683560753736 0.017909356725146198 0.03541260558804418
0 0.8355043859649123 0.3430181936322287 0.02795687134502924 0.05770305393112411
0 0.3260233918128655 0.8697205977907733 0.023574561403508772 0.042884990253411304
0 0.3580043859649123 0.46962313190383365 0.0266812865497076 0.05523066926575698
0 0.4887609649122807 0.48261858349577647 0.023574561403508772 0.044509421702404156
0 0.35297880116959063 0.7779402209226771 0.017909356725146198 0.03248862897985705
0 0.7894736842105263 0.705003248862898 0.023757309941520467 0.0396361273554256
0 0.4359466374269006 0.45240415854450944 0.019736842105263157 0.03378817413905133
0 0.3368055555555556 0.926575698505523 0.021929824561403508 0.03931124106562703
0 0.31030701754385964 0.21198830409356725 0.019371345029239765 0.03508771929824561
0 0.17708333333333334 0.7365172189733593 0.029788011695906433 0.04808317089018843
0 0.6967288011695907 0.21832358674463936 0.018092105263157895 0.03443794671864847
0 0.11312134502923976 0.39603638726445745 0.02046783625730994 0.03281351526965562
0 0.054733187134502925 0.1255685510071475 0.01864035087719298 0.03378817413905133
0 0.6263706140350878 0.20321637426900585 0.030519005847953216 0.057829759584145546
0 0.012883771929824562 0.5198180636777128 0.025767543859649123 0.05523066926575698
0 0.7418676900584795 0.21442495126705652 0.022112573099415205 0.037037037037037035
0 0.8164290935672515 0.07326185834957764 0.021198830409356724 0.036712150747238464
0 0.40597587719298245 0.7971085120207927 0.021198830409356724 0.03931124106562703
0 0.6185124269005848 0.7623456790123457 0.023574561403508772 0.03866146848602989
0 0.2746710526315789 0.5882066276803118 0.039656432748538015 0.06985055230669265
0 0.7150950292397661 0.14506172839506173 0.012609649122807017 0.023066926575698504
0 0.9029605263157895 0.3516894087069526 0.02046783625730994 0.03573749187784275
0 0.24872076023391812 0.6952566601689408 0.03179824561403509 0.05458089668615984
0 0.8394755116959064 0.18477907732293697 0.02737207602339181 0.049873294346978556
0 0.93265716374269 0.6145224171539961 0.031615497076023395 0.057179987004548405
0 0.7460709064327485 0.3312215724496426 0.025767543859649123 0.04223521767381416
0 0.6748702485380117 0.0846361273554256 0.02920321637426901 0.04437621832358674
0 0.6116593567251462 0.43031189083820665 0.02284356725146199 0.04808317089018843
0 0.5966739766081871 0.3711825860948668 0.021747076023391813 0.04548408057179987
0 0.8842288011695907 0.20435347628330083 0.02722953216374269 0.04775828460038986
0 0.3170687134502924 0.48716699155295645 0.01699561403508772 0.037361923326835605
0 0.5074013157894737 0.4109811565951917 0.021198830409356724 0.04061078622482131
0 0.6858552631578947 0.4306367771280052 0.014437134502923976 0.02761533463287849
0 0.5746527777777778 0.48749187784275505 0.023391812865497075 0.044184535412605586
0 0.8878837719298246 0.8588369070825211 0.022112573099415205 0.036712150747238464
0 0.7803362573099415 0.4975633528265107 0.020650584795321638 0.03541260558804418
0 0.3622076023391813 0.7602339181286549 0.020833333333333332 0.0396361273554256
0 0.74515716374269 0.25064977257959714 0.026498538011695907 0.043534762833008445
0 0.6283808479532164 0.3958739441195582 0.02887426900584795 0.04645873944119558
0 0.725328947368421 0.2826510721247563 0.016812865497076022 0.028589993502274202
0 0.10179093567251463 0.1507472384665367 0.021564327485380116 0.03931124106562703
0 0.5783991228070176 0.3313840155945419 0.030519005847953216 0.05523066926575698
0 0.358187134502924 0.7095516569200779 0.0222953216374269 0.03996101364522417
0 0.9380482456140351 0.13141650422352177 0.025767543859649123 0.043534762833008445
0 0.01836622807017544 0.27144249512670565 0.022112573099415205 0.0341130604288499
0 0.08132309941520467 0.16114359974009096 0.017178362573099414 0.03248862897985705
0 0.7989766081871345 0.21881091617933723 0.025767543859649123 0.04938271604938271
0 0.6104714912280702 0.732943469785575 0.02138157894736842 0.04093567251461988
0 0.4442616959064328 0.300682261208577 0.014802631578947368 0.03378817413905133
0 0.5900036549707602 0.25227420402859 0.01663011695906433 0.042884990253411304
0 0.054276315789473686 0.8377192982456141 0.028143274853801168 0.058154645873944116
0 0.011061769005847953 0.40257309941520464 0.02102704678362573 0.04589018843404808
0 0.24131944444444445 0.7506497725795972 0.029239766081871343 0.04808317089018843
0 0.17900219298245615 0.442495126705653 0.023757309941520467 0.04743339831059129
0 0.8727156432748538 0.6146848602988954 0.023757309941520467 0.036062378167641324
0 0.45582054093567254 0.11759909031838857 0.02998172514619883 0.05183885640025991
0 0.622624269005848 0.6377517868745939 0.027777777777777776 0.04678362573099415
0 0.8288230994152046 0.14928849902534114 0.019173976608187135 0.043554256010396364
0 0.09018640350877193 0.37800519818063677 0.02138157894736842 0.03866146848602989
0 0.24369517543859648 0.5287524366471735 0.029239766081871343 0.057504873294346975
0 0.09484649122807018 0.18908382066276802 0.022112573099415205 0.03833658219623132
0 0.47925804093567254 0.25259909031838856 0.015350877192982455 0.03313840155945419
0 0.6401681286549707 0.2917478882391163 0.017726608187134504 0.029564652371669914
0 0.2816154970760234 0.6877842755035738 0.03326023391812866 0.06205328135152696
0 0.4761513157894737 0.6076998050682261 0.033808479532163746 0.05490578297595841
0 0.29641812865497075 0.607050032488629 0.020833333333333332 0.04126055880441845
0 0.02403143274853801 0.7508122157244964 0.027960526315789474 0.0451591942820013
0 0.6101059941520468 0.25292397660818716 0.03033625730994152 0.057829759584145546
0 0.2978801169590643 0.1642300194931774 0.022478070175438597 0.038011695906432746
0 0.10243055555555555 0.346816114359974 0.02448830409356725 0.03931124106562703
0 0.05107821637426901 0.7748538011695907 0.023026315789473683 0.03996101364522417
0 0.32702850877192985 0.6067251461988304 0.033808479532163746 0.0627030539311241
0 0.23355263157894737 0.9270630279402209 0.0266812865497076 0.0451591942820013
0 0.8651315789473685 0.48473034437946716 0.03435672514619883 0.06010396361273554
0 0.2576754385964912 0.391812865497076 0.034722222222222224 0.05588044184535412
0 0.2963267543859649 0.8019818063677713 0.02412280701754386 0.04483430799220273
0 0.7870979532163743 0.1950942170240416 0.02320906432748538 0.04548408057179987
0 0.07766812865497076 0.805230669265757 0.03545321637426901 0.06205328135152696
0 0.9479166666666666 0.9613385315139701 0.030884502923976608 0.05263157894736842
0 0.8586440058479532 0.15497076023391812 0.023391812865497075 0.0396361273554256
0 0.3989400584795322 0.4231643924626381 0.01699561403508772 0.03346328784925276
0 0.8028143274853801 0.33398310591293046 0.023940058479532164 0.044509421702404156
0 0.8557200292397661 0.2347303443794672 0.023391812865497075 0.03931124106562703
0 0.31277412280701755 0.5891812865497076 0.017543859649122806 0.030864197530864196
0 0.3782894736842105 0.15188434048083171 0.01827485380116959 0.04191033138401559
0 0.9752375730994152 0.7085769980506823 0.030519005847953216 0.044509421702404156
0 0.33633954678362576 0.7294769330734243 0.029014985380116962 0.045142949967511364
0 0.48135964912280704 0.543859649122807 0.022112573099415205 0.04223521767381416
0 0.7084247076023392 0.6055880441845354 0.021747076023391813 0.04061078622482131
0 0.5778508771929824 0.13612735542560103 0.024853801169590642 0.04061078622482131
0 0.2067799707602339 0.4679987004548408 0.01827485380116959 0.036712150747238464
0 0.31396198830409355 0.8200129954515919 0.018092105263157895 0.03378817413905133
0 0.5084978070175439 0.26397011046133856 0.018457602339181287 0.03151397011046134
0 0.9493786549707602 0.3987979207277453 0.03271198830409357 0.05977907732293697
0 0.9874945175438596 0.40974009096816116 0.019022295321637427 0.040562053281351526
0 0.42023026315789475 0.24301494476933072 0.01663011695906433 0.038011695906432746
0 0.5522660818713451 0.2618583495776478 0.025584795321637425 0.0451591942820013
0 0.2638888888888889 0.11273554256010396 0.019005847953216373 0.036712150747238464
0 0.9526681286549707 0.5279402209226771 0.02412280701754386 0.036712150747238464
0 0.8769188596491229 0.043534762833008445 0.01644736842105263 0.029889538661468484
0 0.3887061403508772 0.6109486679662118 0.020833333333333332 0.037686809616634176
0 0.09740497076023392 0.8328460038986355 0.03033625730994152 0.05165692007797271
0 0.010873538011695907 0.28898635477582846 0.021564327485380116 0.04061078622482131
0 0.06578947368421052 0.3258609486679662 0.02010233918128655 0.037037037037037035
0 0.2065058479532164 0.1627680311890838 0.021198830409356724 0.03931124106562703
0 0.07035818713450293 0.8451916829109811 0.028691520467836257 0.050682261208576995
0 0.4906798245614035 0.5346003898635477 0.016264619883040937 0.03151397011046134
0 0.9798976608187134 0.6669915529564653 0.021564327485380116 0.03541260558804418
0 0.6501279239766082 0.05977907732293697 0.01882309941520468 0.03443794671864847
0 0.7561220760233918 0.9762833008447044 0.033808479532163746 0.04743339831059129
0 0.4917763157894737 0.15903183885640026 0.01608187134502924 0.03541260558804418
0 0.5243055555555556 0.08999350227420402 0.022112573099415205 0.04028589993502274
0 0.4334795321637427 0.31643924626380765 0.019736842105263157 0.036062378167641324
0 0.08680555555555555 0.33560753736192334 0.016264619883040937 0.029889538661468484
0 0.054184941520467836 0.5896686159844055 0.017543859649122806 0.029564652371669914
0 0.4913194444444444 0.19541910331384016 0.018092105263157895 0.03541260558804418
0 0.5797697368421053 0.7384665367121508 0.02101608187134503 0.036062378167641324
0 0.950109649122807 0.3443794671864847 0.030519005847953216 0.05295646523716699
0 0.07465277777777778 0.5417478882391163 0.034173976608187134 0.056855100714749834
0 0.19864766081871346 0.9455815464587395 0.018092105263157895 0.03378817413905133
0 0.23711622807017543 0.48424301494476935 0.01699561403508772 0.03183885640025991
0 0.20723684210526316 0.21442495126705652 0.021929824561403508 0.04223521767381416
0 0.7345577485380117 0.38287849252761536 0.020833333333333332 0.03541260558804418
0 0.85453216374269 0.2894736842105263 0.028326023391812866 0.057179987004548405
0 0.2774122807017544 0.8198505523066927 0.020650584795321638 0.03378817413905133
0 0.8681469298245614 0.7121507472384665 0.03399122807017544 0.05490578297595841
0 0.1295687134502924 0.4108187134502924 0.03179824561403509 0.057829759584145546
0 0.8163377192982456 0.29597141000649774 0.012244152046783625 0.021767381416504222
0 0.8643092105263158 0.3398310591293047 0.02540204678362573 0.0396361273554256
0 0.3580043859649123 0.5844704353476283 0.023391812865497075 0.044184535412605586
0 0.4706688596491228 0.5633528265107213 0.02540204678362573 0.04645873944119558
0 0.5031980994152047 0.28411306042884993 0.02010233918128655 0.03573749187784275
0 0.41191520467836257 0.10997400909681611 0.014071637426900584 0.030214424951267055
0 0.4990862573099415 0.4738466536712151 0.012244152046783625 0.024041585445094216
0 0.8497807017543859 0.4182910981156595 0.021564327485380116 0.037037037037037035
0 0.43110380116959063 0.28573749187784275 0.013523391812865496 0.025341130604288498
0 0.8206323099415205 0.38287849252761536 0.022112573099415205 0.04808317089018843
0 0.7470760233918129 0.28492527615334634 0.01699561403508772 0.028914879792072773
0 0.6529605263157895 0.5579922027290448 0.03271198830409357 0.058154645873944116
0 0.26032529239766083 0.4272254710851202 0.01608187134502924 0.02761533463287849
0 0.07026681286549707 0.4514294996751137 0.02722953216374269 0.04743339831059129
0 0.8067434210526315 0.551819363222872 0.021747076023391813 0.0396361273554256
0 0.3963815789473684 0.4452566601689409 0.01827485380116959 0.03443794671864847
0 0.9605263157894737 0.9845679012345679 0.02320906432748538 0.030864197530864196
0 0.7570358187134503 0.8001949317738791 0.023574561403508772 0.042884990253411304
0 0.4807200292397661 0.07309941520467836 0.015533625730994151 0.031189083820662766
0 0.10827850877192982 0.04987004548408057 0.021198830409356724 0.04256010396361273
0 0.13523391812865498 0.08739441195581546 0.015716374269005847 0.028914879792072773
0 0.4407894736842105 0.2292072774528915 0.019736842105263157 0.037686809616634176
0 0.3748172514619883 0.9896036387264457 0.025219298245614034 0.02079272254710851
0 0.7717470760233918 0.9418453541260559 0.029605263157894735 0.057504873294346975
0 0.4812682748538012 0.3659844054580897 0.022112573099415205 0.036062378167641324
0 0.6525950292397661 0.45402858999350226 0.01699561403508772 0.028914879792072773
0 0.7328216374269005 0.4808317089018843 0.023940058479532164 0.04126055880441845
0 0.14683845029239767 0.0341130604288499 0.013888888888888888 0.03281351526965562
0 0.5455043859649122 0.4337231968810916 0.019554093567251463 0.03541260558804418
0 0.9830957602339181 0.5180311890838206 0.0268640350877193 0.04678362573099415
0 0.8705226608187134 0.6401884340480831 0.036915204678362575 0.05328135152696556
0 0.8971125730994152 0.31887589343729694 0.026133040935672515 0.04873294346978557
0 0.25977704678362573 0.5406107862248213 0.029239766081871343 0.05295646523716699
0 0.18969298245614036 0.2930474333983106 0.019919590643274854 0.036712150747238464
0 0.7303545321637427 0.44314489928525014 0.025219298245614034 0.04158544509421702
0 0.47039473684210525 0.2191358024691358 0.017909356725146198 0.037037037037037035
0 0.06323099415204679 0.39814814814814814 0.016264619883040937 0.02794022092267706
0 0.4413377192982456 0.2006172839506173 0.014619883040935672 0.03541260558804418
0 0.9814510233918129 0.5709876543209876 0.027046783625730993 0.04645873944119558
0 0.04285453216374269 0.5659519168291098 0.031615497076023395 0.04710851202079272
0 0.98921783625731 0.6255685510071475 0.021564327485380116 0.057179987004548405
0 0.6512244152046783 0.39522417153996103 0.03125 0.057504873294346975
0 0.07867324561403509 0.7115009746588694 0.022112573099415205 0.03541260558804418
0 0.2843567251461988 0.4733593242365172 0.02850877192982456 0.049707602339181284
0 0.14455409356725146 0.5701754385964912 0.01699561403508772 0.03248862897985705
0 0.22377558479532164 0.48635477582846004 0.028143274853801168 0.050682261208576995
0 0.7868238304093568 0.4525666016894087 0.025950292397660817 0.04645873944119558
0 0.4857456140350877 0.452729044834308 0.01425438596491228 0.024691358024691357
0 0.9352156432748538 0.36825860948667966 0.028691520467836257 0.049707602339181284
0 0.7643457602339181 0.06546458739441195 0.025950292397660817 0.04873294346978557
0 0.3063779239766082 0.4899285250162443 0.01918859649122807 0.036387264457439894
0 0.4841922514619883 0.39165042235217673 0.014619883040935672 0.025666016894087068
0 0.30893640350877194 0.9891163092917479 0.027046783625730993 0.021767381416504222
0 0.195906432748538 0.47514619883040937 0.014802631578947368 0.028589993502274202
0 0.922514619883041 0.8828784925276153 0.027412280701754384 0.04743339831059129
0 0.6105628654970761 0.341130604288499 0.019736842105263157 0.03476283300844704
0 0.9689327485380117 0.39489928525016244 0.02540204678362573 0.043534762833008445
0 0.8236476608187134 0.8822287199480182 0.020833333333333332 0.030214424951267055
0 0.20595760233918128 0.42121507472384667 0.010782163742690058 0.01949317738791423
0 0.5681652046783626 0.5516569200779727 0.022112573099415205 0.04256010396361273
0 0.6164108187134503 0.5614035087719298 0.015716374269005847 0.02696556205328135
0 0.25292397660818716 0.45110461338531516 0.023940058479532164 0.042884990253411304
0 0.13121345029239767 0.24512670565302144 0.022112573099415205 0.038011695906432746
0 0.5493165204678363 0.06591293047433398 0.02399671052631579 0.03633528265107212
0 0.9906798245614035 0.5435347628330085 0.01864035087719298 0.057504873294346975
0 0.986202485380117 0.449317738791423 0.02046783625730994 0.03443794671864847
0 0.43494152046783624 0.7678687459389214 0.02010233918128655 0.03866146848602989
0 0.1684941520467836 0.5644899285250162 0.021564327485380116 0.036387264457439894
0 0.8389985380116959 0.8557504873294347 0.030884502923976608 0.05555555555555555
0 0.7261732456140351 0.10644574398960363 0.01624269005847953 0.03957115009746589
0 0.47911915204678357 0.7015139701104615 0.03038925438596491 0.05230669265756985
0 0.28463084795321636 0.7884990253411306 0.015350877192982455 0.03183885640025991
0 0.01587719298245614 0.14900584795321636 0.01731907894736842 0.026254061078622482
0 0.42598684210526316 0.12621832358674465 0.022478070175438597 0.04191033138401559
0 0.1783625730994152 0.10705003248862897 0.01663011695906433 0.038011695906432746
0 0.43969298245614036 0.6988304093567251 0.01918859649122807 0.03573749187784275
0 0.5218384502923976 0.036062378167641324 0.01608187134502924 0.02794022092267706
0 0.1248172514619883 0.9519168291098116 0.031615497076023395 0.051332033788174136
0 0.28746345029239767 0.4204028589993502 0.03453947368421053 0.0714749837556855
0 0.11330409356725146 0.3664717348927875 0.017909356725146198 0.03346328784925276
0 0.2650767543859649 0.2651072124756335 0.025219298245614034 0.043209876543209874
0 0.20211988304093567 0.919103313840156 0.01827485380116959 0.029239766081871343
0 0.7673611111111112 0.25958414554905784 0.017726608187134504 0.030864197530864196
0 0.5124269005847953 0.4426575698505523 0.019005847953216373 0.037037037037037035
0 0.30062134502923976 0.05799220272904483 0.019554093567251463 0.04548408057179987
0 0.5573830409356725 0.8406432748538012 0.02266081871345029 0.03931124106562703
0 0.23693347953216373 0.24512670565302144 0.016812865497076022 0.03476283300844704
0 0.26608187134502925 0.07537361923326835 0.01516812865497076 0.036387264457439894
0 0.7934027777777778 0.2974333983105913 0.015533625730994151 0.025341130604288498
0 0.4788230994152047 0.11302794022092268 0.01705409356725146 0.0350227420402859
0 0.5015533625730995 0.8633853151397011 0.031432748538011694 0.044184535412605586
0 0.2150950292397661 0.732943469785575 0.030519005847953216 0.05198180636777128
0 0.9163925438596491 0.9790448343079922 0.029788011695906433 0.04158544509421702
0 0.59375 0.12280701754385964 0.020650584795321638 0.0396361273554256
0 0.03444809941520468 0.01364522417153996 0.02046783625730994 0.02729044834307992
0 0.5932931286549707 0.28979857050032487 0.017178362573099414 0.03151397011046134
0 0.3881578947368421 0.06254061078622482 0.013888888888888888 0.02631578947368421
0 0.6738852339181286 0.22855750487329435 0.027412280701754384 0.050357374918778425
0 0.06204312865497076 0.7234827810266408 0.028640350877192983 0.04580896686159844
0 0.2795138888888889 0.3599740090968161 0.016264619883040937 0.028589993502274202
0 0.46536915204678364 0.29840805717998703 0.01516812865497076 0.029239766081871343
0 0.5102339181286549 0.10103963612735542 0.014619883040935672 0.0341130604288499
0 0.5167214912280702 0.3754061078622482 0.023391812865497075 0.04223521767381416
0 0.612390350877193 0.5862573099415205 0.025219298245614034 0.04483430799220273
0 0.025219298245614034 0.9494801819363223 0.01918859649122807 0.03216374269005848
0 0.2573099415204678 0.349090318388564 0.03289473684210526 0.057829759584145546
0 0.8212719298245614 0.2564977257959714 0.01864035087719298 0.03346328784925276
0 0.06359649122807018 0.6369395711500975 0.03271198830409357 0.051007147498375566
0 0.7681834795321637 0.6054256010396362 0.02448830409356725 0.043859649122807015
0 0.4385051169590643 0.42105263157894735 0.02887426900584795 0.050357374918778425
0 0.007401315789473684 0.05051981806367771 0.014619883040935672 0.030864197530864196
0 0.9232456140350878 0.0527940220922677 0.029970760233918127 0.050357374918778425
0 0.7522843567251462 0.14457439896036386 0.021929824561403508 0.03833658219623132
0 0.46655701754385964 0.3567251461988304 0.01516812865497076 0.029239766081871343
0 0.7091557017543859 0.915692007797271 0.021564327485380116 0.036062378167641324
0 0.1421783625730994 0.13791423001949318 0.0222953216374269 0.037037037037037035
0 0.589546783625731 0.15919428200129954 0.028143274853801168 0.04678362573099415
0 0.8692434210526315 0.26949317738791423 0.01608187134502924 0.028265107212475632
0 0.054276315789473686 0.02322936972059779 0.022112573099415205 0.04158544509421702
0 0.8199926900584795 0.5464587394411956 0.017361111111111112 0.03151397011046134
0 0.9234283625730995 0.42998700454840805 0.025584795321637425 0.043859649122807015
0 0.020833333333333332 0.3341455490578298 0.02010233918128655 0.03281351526965562
0 0.5377375730994152 0.3965237166991553 0.01918859649122807 0.04256010396361273
0 0.7697368421052632 0.21734892787524365 0.021198830409356724 0.04678362573099415
0 0.2149122807017544 0.047270955165692005 0.012792397660818713 0.03216374269005848
0 0.6894188596491229 0.45402858999350226 0.02046783625730994 0.037686809616634176
0 0.6255482456140351 0.3567251461988304 0.0268640350877193 0.04938271604938271
0 0.8420138888888888 0.13823911630929175 0.01644736842105263 0.030214424951267055
0 0.1272843567251462 0.2776153346328785 0.018457602339181287 0.03573749187784275
0 0.7678179824561403 0.4964262508122157 0.01644736842105263 0.029239766081871343
0 0.7796052631578947 0.15578297595841456 0.01882309941520468 0.03833658219623132
0 0.9831871345029239 0.4803443794671865 0.029788011695906433 0.048408057179987
0 0.4241593567251462 0.01055880441845354 0.021198830409356724 0.02111760883690708
0 0.17443347953216373 0.4922027290448343 0.012609649122807017 0.022417153996101363
0 0.7214912280701754 0.23310591293047433 0.01882309941520468 0.03313840155945419
0 0.2298062865497076 0.19411955815464588 0.022112573099415205 0.037037037037037035
0 0.22149122807017543 0.0748862897985705 0.018092105263157895 0.031189083820662766
0 0.1599049707602339 0.0627030539311241 0.019371345029239765 0.036712150747238464
0 0.540296052631579 0.27712800519818065 0.014802631578947368 0.03346328784925276
0 0.49707602339181284 0.5123456790123457 0.021747076023391813 0.03151397011046134
0 0.6115679824561403 0.14067576348278102 0.017909356725146198 0.03216374269005848
0 0.12381213450292397 0.3541260558804418 0.023026315789473683 0.04093567251461988
0 0.15487938596491227 0.6101364522417154 0.020650584795321638 0.03573749187784275
0 0.5038377192982456 0.043859649122807015 0.021929824561403508 0.03898635477582846
0 0.24177631578947367 0.11923326835607537 0.01516812865497076 0.029889538661468484
0 0.6160453216374269 0.12475633528265107 0.014802631578947368 0.025666016894087068
0 0.5366410818713451 0.014132553606237816 0.011513157894736841 0.02794022092267706
0 0.10261330409356725 0.44217024041585445 0.017361111111111112 0.03476283300844704
0 0.7400402046783626 0.30653021442495126 0.02138157894736842 0.03898635477582846
0 0.5297880116959064 0.5799220272904484 0.017178362573099414 0.036712150747238464
0 0.5984100877192983 0.5781351526965562 0.01663011695906433 0.03313840155945419
0 0.63578216374269 0.12719298245614036 0.02010233918128655 0.03573749187784275
0 0.8671418128654971 0.3096166341780377 0.02412280701754386 0.04483430799220273
0 0.3053728070175439 0.627517868745939 0.022112573099415205 0.03931124106562703
0 0.502375730994152 0.49707602339181284 0.01425438596491228 0.023716699155295645
0 0.7379385964912281 0.8638726445743989 0.025767543859649123 0.044509421702404156
0 0.5 0.3136777128005198 0.018457602339181287 0.036387264457439894
0 0.4446271929824561 0.47417153996101363 0.018092105263157895 0.03248862897985705
0 0.21308479532163743 0.7961338531513971 0.021564327485380116 0.037037037037037035
0 0.9060672514619883 0.5441845354126056 0.021198830409356724 0.03541260558804418
0 0.8898026315789473 0.2610461338531514 0.021747076023391813 0.04028589993502274
0 0.31451023391812866 0.17771280051981805 0.01608187134502924 0.03833658219623132
0 0.2747624269005848 0.015594541910331383 0.020650584795321638 0.031189083820662766
0 0.7188413742690059 0.0670890188434048 0.015716374269005847 0.036062378167641324
0 0.00849780701754386 0.5588044184535412 0.01699561403508772 0.03508771929824561
0 0.7500913742690059 0.10997400909681611 0.012975146198830409 0.02729044834307992
0 0.8933662280701754 0.4551656920077973 0.01918859649122807 0.03541260558804418
0 0.9300986842105263 0.5549057829759584 0.02850877192982456 0.04710851202079272
0 0.8083881578947368 0.9104938271604939 0.02448830409356725 0.03996101364522417
0 0.6107456140350878 0.4018843404808317 0.01608187134502924 0.031189083820662766
0 0.22679093567251463 0.5870695256660169 0.014437134502923976 0.023391812865497075
0 0.7789656432748538 0.6177712800519818 0.015533625730994151 0.02664067576348278
0 0.6375182748538012 0.8802794022092267 0.022478070175438597 0.04158544509421702
0 0.06469298245614036 0.6702404158544509 0.030884502923976608 0.048408057179987
0 0.15926535087719298 0.03216374269005848 0.01206140350877193 0.024691358024691357
0 0.34978070175438597 0.1145224171539961 0.015350877192982455 0.030214424951267055
0 0.7725694444444444 0.12800519818063677 0.024671052631578948 0.0451591942820013
0 0.30783991228070173 0.10851202079272254 0.01699561403508772 0.030864197530864196
0 0.04586988304093567 0.31643924626380765 0.01516812865497076 0.025341130604288498
0 0.6258223684210527 0.11760883690708251 0.01882309941520468 0.04158544509421702
0 0.09137426900584796 0.2332683560753736 0.029788011695906433 0.048408057179987
0 0.14583333333333334 0.637264457439896 0.019554093567251463 0.04158544509421702
0 0.3359831871345029 0.5038986354775828 0.02266081871345029 0.037037037037037035
0 0.42233187134502925 0.5292397660818714 0.03435672514619883 0.0594541910331384
0 0.012883771929824562 0.1840480831708902 0.023026315789473683 0.04223521767381416
0 0.6733369883040936 0.43810916179337234 0.016812865497076022 0.029889538661468484
0 0.16684941520467836 0.5836582196231319 0.019736842105263157 0.031189083820662766
0 0.8886147660818714 0.5648148148148148 0.023574561403508772 0.03833658219623132
0 0.8739948830409356 0.8641975308641975 0.022112573099415205 0.04093567251461988
0 0.2895650584795322 0.08430799220272904 0.021929824561403508 0.04158544509421702
0 0.2680921052631579 0.6359649122807017 0.02010233918128655 0.036387264457439894
0 0.5533625730994152 0.3050682261208577 0.018457602339181287 0.03151397011046134
0 0.6874579678362573 0.044480181936322284 0.01835891812865497 0.03482456140350877
0 0.4745065789473684 0.31920077972709554 0.01516812865497076 0.029564652371669914
0 0.9460891812865497 0.6811241065627031 0.0356359649122807 0.05198180636777128
0 0.512311769005848 0.20922352176738143 0.0236421783625731 0.038703703703703705
0 0.13916301169590642 0.04678362573099415 0.014802631578947368 0.028914879792072773
0 0.7060489766081871 0.9658869395711501 0.020285087719298246 0.03346328784925276
0 0.5077668128654971 0.3534762833008447 0.01206140350877193 0.02111760883690708
0 0.11531432748538012 0.3058804418453541 0.02010233918128655 0.0341130604288499
0 0.011513157894736841 0.033950617283950615 0.017726608187134504 0.03216374269005848
0 0.01516812865497076 0.6895711500974658 0.023757309941520467 0.03216374269005848
0 0.4527595029239766 0.07521117608836907 0.01864035087719298 0.03151397011046134
0 0.18165204678362573 0.3526640675763483 0.02905701754385965 0.050682261208576995
0 0.025767543859649123 0.3062053281351527 0.029788011695906433 0.04710851202079272
0 0.872624269005848 0.09584145549057829 0.02631578947368421 0.04873294346978557
0 0.31012426900584794 0.039473684210526314 0.012975146198830409 0.029564652371669914
0 0.7298062865497076 0.407732293697206 0.018092105263157895 0.031189083820662766
0 0.9039656432748538 0.01364522417153996 0.02138157894736842 0.02729044834307992
0 0.007401315789473684 0.3315464587394412 0.014802631578947368 0.04028589993502274
0 0.825109649122807 0.32098765432098764 0.014437134502923976 0.028265107212475632
0 0.0939327485380117 0.015919428200129954 0.02284356725146199 0.03183885640025991
0 0.1871345029239766 0.3905133203378817 0.02266081871345029 0.03931124106562703
0 0.42598684210526316 0.08641975308641975 0.014071637426900584 0.02729044834307992
0 0.056286549707602336 0.2519493177387914 0.017909356725146198 0.028589993502274202
0 0.26078216374269003 0.244314489928525 0.016264619883040937 0.02696556205328135
0 0.7252375730994152 0.2573099415204678 0.02448830409356725 0.03996101364522417
0 0.6745248538011696 0.5966536712150747 0.028143274853801168 0.04905782975958414
0 0.4513888888888889 0.5882066276803118 0.020285087719298246 0.029239766081871343
0 0.7930336257309941 0.1631384015594542 0.023386330409356726 0.04246588693957115
0 0.3526133040935672 0.037361923326835605 0.019005847953216373 0.036387264457439894
0 0.47112573099415206 0.7259584145549057 0.020285087719298246 0.03443794671864847
0 0.19535818713450293 0.11127355425601039 0.024853801169590642 0.049707602339181284
0 0.6664839181286549 0.47400909681611436 0.03289473684210526 0.058154645873944116
0 0.4647441520467836 0.3148505523066927 0.012929459064327485 0.028589993502274202
0 0.6235380116959064 0.601364522417154 0.02850877192982456 0.051007147498375566
0 0.3235562865497076 0.1640675763482781 0.021564327485380116 0.043534762833008445
0 0.08680555555555555 0.7444769330734243 0.0266812865497076 0.044184535412605586
0 0.7837390350877192 0.5434632878492528 0.02455043859649123 0.034483430799220276
0 0.3153326023391813 0.686809616634178 0.025584795321637425 0.043209876543209874
0 0.19526681286549707 0.5973034437946718 0.021198830409356724 0.037037037037037035
0 0.11092836257309942 0.559779077322937 0.021198830409356724 0.03346328784925276
0 0.23573647660818714 0.16532813515269656 0.013278508771929824 0.027241715399610136
0 0.5188230994152047 0.5735867446393762 0.015350877192982455 0.03281351526965562
0 0.8534356725146199 0.8786549707602339 0.03764619883040936 0.0682261208576998
0 0.025219298245614034 0.6229694606887589 0.027046783625730993 0.03248862897985705
0 0.852796052631579 0.9277128005198181 0.024305555555555556 0.043209876543209874
0 0.8826754385964912 0.30490578297595844 0.017178362573099414 0.03443794671864847
0 0.5623172514619883 0.34941520467836257 0.011513157894736841 0.029564652371669914
0 0.3784722222222222 0.011533463287849252 0.017178362573099414 0.023066926575698504
0 0.29066154970760233 0.2301819363222872 0.016264619883040937 0.03833658219623132
0 0.6528691520467836 0.3512020792722547 0.0268640350877193 0.04645873944119558
0 0.18859649122807018 0.9312865497076024 0.030153508771929825 0.04905782975958414
0 0.08561769005847954 0.03346328784925276 0.02284356725146199 0.03833658219623132
0 0.91109283625731 0.2680311890838207 0.031980994152046784 0.05912930474333983
0 0.5247624269005848 0.16812865497076024 0.015533625730994151 0.036387264457439894
0 0.625639619883041 0.42998700454840805 0.010782163742690058 0.02046783625730994
0 0.42717470760233917 0.047920727745289146 0.023026315789473683 0.042884990253411304
0 0.7768640350877193 0.5599415204678363 0.018092105263157895 0.03248862897985705
0 0.5778508771929824 0.5784600389863548 0.021564327485380116 0.04126055880441845
0 0.5328947368421053 0.3398310591293047 0.014071637426900584 0.024041585445094216
0 0.21217105263157895 0.3447043534762833 0.028326023391812866 0.05847953216374269
0 0.2623355263157895 0.04873294346978557 0.01425438596491228 0.02664067576348278
0 0.6122076023391813 0.31010396361273557 0.031067251461988302 0.051007147498375566
0 0.08379020467836257 0.058154645873944116 0.02010233918128655 0.03573749187784275
0 0.08799342105263158 0.11793372319688109 0.023757309941520467 0.04580896686159844
0 0.8930921052631579 0.044509421702404156 0.023757309941520467 0.04483430799220273
0 0.7729349415204678 0.3942495126705653 0.028691520467836257 0.04905782975958414
0 0.8884320175438597 0.1189083820662768 0.029970760233918127 0.058154645873944116
0 0.7208516081871345 0.5272904483430799 0.02101608187134503 0.03346328784925276
0 0.8866959064327485 0.0804093567251462 0.025584795321637425 0.04808317089018843
0 0.47382309941520473 0.6663255360623781 0.02441885964912281 0.026390513320337882
0 0.22139985380116958 0.24528914879792071 0.021564327485380116 0.04126055880441845
0 0.5532711988304093 0.5524691358024691 0.017361111111111112 0.029889538661468484
0 0.6874086257309941 0.11159844054580896 0.014802631578947368 0.028589993502274202
0 0.07383040935672515 0.2818388564002599 0.02412280701754386 0.037361923326835605
0 0.40323464912280704 0.10087719298245613 0.014437134502923976 0.03151397011046134
0 0.9185855263157895 0.021280051981806367 0.02503654970760234 0.04191033138401559
0 0.12408625730994152 0.024041585445094216 0.021929824561403508 0.03931124106562703
0 0.15935672514619884 0.3260233918128655 0.020650584795321638 0.03508771929824561
0 0.023117690058479533 0.5294022092267706 0.020650584795321638 0.037686809616634176
0 0.9349415204678363 0.7865497076023392 0.03070175438596491 0.049707602339181284
0 0.5496162280701754 0.50454840805718 0.0266812865497076 0.0451591942820013
0 0.39014802631578943 0.03251786874593892 0.014574195906432748 0.03353476283300845
0 0.7553910818713451 0.42218973359324236 0.019919590643274854 0.03996101364522417
0 0.5735562865497076 0.8679337231968811 0.01918859649122807 0.03866146848602989
0 0.6930738304093568 0.5925925925925926 0.015350877192982455 0.02794022092267706
0 0.8936750730994152 0.28327485380116957 0.023505116959064327 0.033414554905782975
0 0.42772295321637427 0.38417803768680964 0.014437134502923976 0.029564652371669914
0 0.7471856725146199 0.097953216374269 0.012302631578947367 0.028115659519168293
0 0.7099780701754386 0.010883690708252111 0.012975146198830409 0.021767381416504222
0 0.5531798245614035 0.2147498375568551 0.03179824561403509 0.05880441845354126
0 0.043859649122807015 0.34048083170890187 0.019736842105263157 0.03281351526965562
0 0.5953033625730995 0.31757634827810266 0.01882309941520468 0.04645873944119558
0 0.22852704678362573 0.2665692007797271 0.0133406432748538 0.024041585445094216
0 0.44608918128654973 0.5615659519168291 0.02101608187134503 0.036712150747238464
0 0.8380153508771929 0.22857374918778425 0.01256578947368421 0.03609486679662118
0 0.5254020467836257 0.06172839506172839 0.016812865497076022 0.030214424951267055
0 0.05857090643274854 0.1806367771280052 0.022112573099415205 0.03996101364522417
0 0.6335891812865497 0.44103313840155944 0.017726608187134504 0.03248862897985705
0 0.6537828947368421 0.026803118908382065 0.02101608187134503 0.03313840155945419
0 0.7038559941520468 0.4260883690708252 0.016264619883040937 0.02794022092267706
0 0.03609283625730994 0.10217673814165042 0.023574561403508772 0.04548408057179987
0 0.5039290935672515 0.7474009096816114 0.01516812865497076 0.028265107212475632
0 0.31505847953216376 0.526153346328785 0.01699561403508772 0.030214424951267055
0 0.6458333333333334 0.17316439246263807 0.023757309941520467 0.04256010396361273
0 0.6988304093567251 0.48927875243664715 0.017178362573099414 0.036712150747238464
0 0.35096856725146197 0.5997400909681612 0.01699561403508772 0.029889538661468484
0 0.6980994152046783 0.03654970760233918 0.01663011695906433 0.031189083820662766
0 0.3191703216374269 0.3292722547108512 0.015533625730994151 0.03378817413905133
0 0.805921052631579 0.1255685510071475 0.019005847953216373 0.0341130604288499
0 0.527046783625731 0.4330734243014945 0.017361111111111112 0.03151397011046134
0 0.6619152046783626 0.15350877192982457 0.017909356725146198 0.03508771929824561
0 0.43530701754385964 0.7863872644574399 0.028143274853801168 0.06042884990253411
0 0.6701388888888888 0.04272254710851202 0.013706140350877192 0.029889538661468484
0 0.1739766081871345 0.011695906432748537 0.02046783625730994 0.023391812865497075
0 0.27960526315789475 0.21734892787524365 0.015350877192982455 0.03281351526965562
0 0.641264619883041 0.14506172839506173 0.013706140350877192 0.024691358024691357
0 0.44727704678362573 0.037686809616634176 0.010782163742690058 0.018518518518518517
0 0.2273391812865497 0.4236517218973359 0.018457602339181287 0.030214424951267055
0 0.4522112573099415 0.18518518518518517 0.019736842105263157 0.03443794671864847
0 0.4567799707602339 0.34746588693957114 0.01516812865497076 0.02729044834307992
0 0.29696637426900585 0.18551007147498375 0.01644736842105263 0.03183885640025991
0 0.4706688596491228 0.5297270955165692 0.01608187134502924 0.029889538661468484
0 0.2932200292397661 0.008771929824561403 0.013706140350877192 0.017543859649122806
0 0.07885599415204679 0.7740415854450943 0.015350877192982455 0.028589993502274202
0 0.8559941520467836 0.21458739441195582 0.013706140350877192 0.022417153996101363
0 0.5061220760233918 0.23050682261208577 0.019005847953216373 0.038011695906432746
0 0.45303362573099415 0.014457439896036386 0.023757309941520467 0.028914879792072773
0 0.6835709064327485 0.5701754385964912 0.013706140350877192 0.02599090318388564
0 0.18247441520467836 0.25227420402859 0.026498538011695907 0.04873294346978557
0 0.47423245614035087 0.04061078622482131 0.011878654970760233 0.02696556205328135
0 0.8533863304093566 0.08708901884340481 0.017923976608187134 0.032368421052631574
0 0.30665204678362573 0.33105912930474335 0.01699561403508772 0.03541260558804418
0 0.47459795321637427 0.8723196881091618 0.018092105263157895 0.028914879792072773
0 0.4830975877192983 0.04313190383365822 0.01398391812865497 0.03605912930474334
0 0.8031798245614035 0.18599740090968161 0.023391812865497075 0.042884990253411304
0 0.015133406432748539 0.10227420402859 0.026204312865497074 0.04951591942820013
0 0.7030336257309941 0.4207277452891488 0.021929824561403508 0.04191033138401559
0 0.6831140350877193 0.014782326185834957 0.017178362573099414 0.029564652371669914
0 0.6786366959064327 0.18875893437296945 0.027046783625730993 0.04775828460038986
0 0.34457236842105265 0.10834957764782326 0.0266812865497076 0.04775828460038986
0 0.038468567251461985 0.26526965562053284 0.026133040935672515 0.043859649122807015
0 0.5544590643274854 0.3840155945419103 0.015533625730994151 0.031189083820662766
0 0.24684393274853803 0.07858674463937622 0.01108187134502924 0.022699805068226123
0 0.16584429824561403 0.6000649772579597 0.02046783625730994 0.03313840155945419
0 0.8160635964912281 0.32439896036387267 0.014437134502923976 0.029564652371669914
0 0.9871162280701754 0.987491877842755 0.025767543859649123 0.025016244314489927
0 0.47341008771929827 0.4129304743339831 0.012975146198830409 0.023391812865497075
0 0.29660087719298245 0.5102339181286549 0.02503654970760234 0.038011695906432746
0 0.7226790935672515 0.5004873294346979 0.026133040935672515 0.0451591942820013
0 0.22934941520467836 0.8367446393762183 0.021564327485380116 0.03898635477582846
0 0.4110014619883041 0.06140350877192982 0.014071637426900584 0.031189083820662766
0 0.20074926900584794 0.018356075373619232 0.016812865497076022 0.03151397011046134
0 0.41812865497076024 0.09811565951916829 0.013888888888888888 0.02729044834307992
0 0.7298976608187134 0.15334632878492527 0.016812865497076022 0.03313840155945419
0 0.19572368421052633 0.18924626380766732 0.019371345029239765 0.03313840155945419
0 0.12024853801169591 0.0451591942820013 0.017543859649122806 0.038011695906432746
0 0.17845394736842105 0.06855100714749837 0.0133406432748538 0.02794022092267706
0 0.6309393274853801 0.2716049382716049 0.02905701754385965 0.043209876543209874
0 0.6505847953216374 0.20500324886289797 0.031980994152046784 0.058154645873944116
0 0.4810855263157895 0.01023391812865497 0.01114766081871345 0.02046783625730994
0 0.052448830409356724 0.3027940220922677 0.02046783625730994 0.038011695906432746
0 0.10005482456140351 0.2535737491877843 0.019005847953216373 0.03216374269005848
0 0.5525402046783626 0.5895061728395061 0.022478070175438597 0.036062378167641324
0 0.5355445906432749 0.21198830409356725 0.019554093567251463 0.04483430799220273
0 0.6931652046783626 0.48521767381416503 0.029605263157894735 0.05263157894736842
0 0.07099780701754387 0.11029889538661468 0.013157894736842105 0.028914879792072773
0 0.1734283625730994 0.41228070175438597 0.015716374269005847 0.028265107212475632
0 0.22816154970760233 0.4502923976608187 0.028326023391812866 0.04905782975958414
0 0.6762609649122807 0.5576673164392463 0.013523391812865496 0.029239766081871343
0 0.26103435672514624 0.21401559454191033 0.010562865497076022 0.03038011695906433
0 0.3454861111111111 0.054743339831059126 0.01608187134502924 0.02696556205328135
0 0.6425438596491229 0.42576348278102666 0.015716374269005847 0.03443794671864847
0 0.638249269005848 0.03557504873294347 0.014071637426900584 0.03151397011046134
0 0.6987390350877193 0.46312540610786224 0.014437134502923976 0.02761533463287849
0 0.4483735380116959 0.5069850552306693 0.0133406432748538 0.02729044834307992
0 0.7086074561403509 0.07943469785575048 0.016812865497076022 0.031189083820662766
0 0.7914839181286549 0.019330734243014944 0.022478070175438597 0.03833658219623132
0 0.7220394736842105 0.9741715399610137 0.022478070175438597 0.04158544509421702
0 0.33305921052631576 0.034600389863547756 0.013888888888888888 0.02794022092267706
0 0.7299890350877193 0.300682261208577 0.011695906432748537 0.02014294996751137
0 0.1680372807017544 0.02696556205328135 0.012426900584795321 0.022417153996101363
0 0.5196454678362573 0.015107212475633527 0.01663011695906433 0.029564652371669914
0 0.0068475877192982456 0.4226998050682261 0.01351059941520468 0.032764782326185835
0 0.21628289473684212 0.11760883690708251 0.028691520467836257 0.05490578297595841
0 0.2706067251461988 0.702722547108512 0.01721308479532164 0.0329987004548408
0 0.22633406432748537 0.22108512020792723 0.018092105263157895 0.03248862897985705
0 0.9064327485380117 0.21962313190383365 0.019005847953216373 0.03378817413905133
0 0.2164656432748538 0.9650747238466537 0.02722953216374269 0.051332033788174136
0 0.4565972222222222 0.36500974658869395 0.013157894736842105 0.02599090318388564
0 0.5406615497076024 0.18518518518518517 0.020833333333333332 0.036062378167641324
0 0.8222770467836257 0.7870370370370371 0.022112573099415205 0.037037037037037035
0 0.6004203216374269 0.4018843404808317 0.0133406432748538 0.024041585445094216
0 0.06122076023391813 0.06660168940870695 0.03307748538011696 0.05165692007797271
0 0.31377923976608185 0.009746588693957114 0.02266081871345029 0.01949317738791423
0 0.3201754385964912 0.09194282001299545 0.022112573099415205 0.03996101364522417
0 0.5243055555555556 0.31887589343729694 0.019371345029239765 0.03443794671864847
0 0.7139985380116959 0.12020792722547108 0.015533625730994151 0.02794022092267706
0 0.7420504385964912 0.02599090318388564 0.01644736842105263 0.03248862897985705
0 0.6297514619883041 0.15821962313190382 0.01918859649122807 0.03378817413905133
0 0.07182017543859649 0.47644574398960365 0.019736842105263157 0.030539311241065625
0 0.956140350877193 0.44655620532813517 0.020285087719298246 0.03476283300844704
0 0.5776681286549707 0.2564977257959714 0.02284356725146199 0.03931124106562703
0 0.8233735380116959 0.21783625730994152 0.022112573099415205 0.036712150747238464
0 0.5628654970760234 0.1642300194931774 0.01882309941520468 0.03378817413905133
0 0.6994279970760234 0.0819558154645874 0.017470760233918126 0.03414230019493177
0 0.7661732456140351 0.11598440545808966 0.015716374269005847 0.030214424951267055
0 0.42233187134502925 0.2805393112410656 0.012609649122807017 0.028589993502274202
0 0.544499269005848 0.5367121507472384 0.0266812865497076 0.043859649122807015
0 0.4190423976608187 0.4126055880441845 0.017543859649122806 0.029239766081871343
0 0.15707236842105263 0.30571799870045485 0.017909356725146198 0.030539311241065625
0 0.76078216374269 0.2475633528265107 0.017909356725146198 0.03508771929824561
0 0.6834795321637427 0.22400909681611436 0.012426900584795321 0.028914879792072773
0 0.73921783625731 0.12946718648473035 0.01918859649122807 0.04126055880441845
0 0.21107456140350878 0.7680311890838206 0.021198830409356724 0.03443794671864847
0 0.13797514619883042 0.3216374269005848 0.0268640350877193 0.050357374918778425
0 0.45778508771929827 0.051007147498375566 0.0133406432748538 0.02729044834307992
0 0.9004934210526315 0.5203053931124106 0.027777777777777776 0.050357374918778425
0 0.14994517543859648 0.1101364522417154 0.019554093567251463 0.037037037037037035
0 0.15058479532163743 0.017218973359324236 0.013157894736842105 0.029889538661468484
0 0.82328216374269 0.9031838856400259 0.021747076023391813 0.029564652371669914
0 0.09237938596491228 0.4441195581546459 0.012792397660818713 0.02631578947368421
0 0.3560855263157895 0.007959714100064977 0.013706140350877192 0.015919428200129954
0 0.527046783625731 0.4028589993502274 0.021929824561403508 0.03898635477582846
0 0.752375730994152 0.5017868745938922 0.011878654970760233 0.02046783625730994
0 0.17671783625730994 0.2936972059779077 0.015716374269005847 0.028589993502274202
0 0.9123720760233918 0.1861598440545809 0.026498538011695907 0.04613385315139701
0 0.2991593567251462 0.7798895386614685 0.01827485380116959 0.030539311241065625
0 0.15542763157894737 0.09113060428849902 0.021198830409356724 0.04093567251461988
0 0.3184393274853801 0.46539961013645226 0.014619883040935672 0.02631578947368421
0 0.19791666666666666 0.352501624431449 0.015899122807017545 0.031189083820662766
0 0.11869517543859649 0.08300844704353476 0.011695906432748537 0.025666016894087068
0 0.8090277777777778 0.009421702404158544 0.018457602339181287 0.018843404808317088
0 0.9592470760233918 0.28167641325536064 0.02010233918128655 0.03378817413905133
0 0.44042397660818716 0.5123456790123457 0.012609649122807017 0.025016244314489927
0 0.7230445906432749 0.034600389863547756 0.019554093567251463 0.03541260558804418
0 0.3742690058479532 0.08901884340480831 0.017178362573099414 0.043859649122807015
0 0.5034722222222222 0.07342430149447693 0.0222953216374269 0.04093567251461988
0 0.04093567251461988 0.03589993502274204 0.020650584795321638 0.03833658219623132
0 0.44956140350877194 0.5422352176738142 0.024671052631578948 0.04710851202079272
0 0.8199597953216373 0.19498700454840803 0.025334429824561404 0.0447270955165692
0 0.16758040935672514 0.5129954515919428 0.013888888888888888 0.025341130604288498
0 0.9703947368421053 0.37166991552956463 0.03289473684210526 0.048408057179987
0 0.9037828947368421 0.18096166341780376 0.015533625730994151 0.029889538661468484
0 0.1909722222222222 0.08154645873944119 0.021747076023391813 0.038011695906432746
0 0.11467470760233918 0.2789148797920728 0.019554093567251463 0.036062378167641324
0 0.6095577485380117 0.11419753086419752 0.01663011695906433 0.029239766081871343
0 0.7989766081871345 0.057504873294346975 0.01918859649122807 0.03248862897985705
0 0.9310124269005848 0.6648797920727745 0.02540204678362573 0.048408057179987
0 0.6561586257309941 0.23716699155295645 0.01516812865497076 0.029564652371669914
0 0.4938779239766082 0.2277452891487979 0.020833333333333332 0.04223521767381416
0 0.3923611111111111 0.007959714100064977 0.015350877192982455 0.015919428200129954
0 0.057839912280701754 0.2818388564002599 0.019005847953216373 0.04093567251461988
0 0.789656432748538 0.1078622482131254 0.01882309941520468 0.03833658219623132
0 0.4996345029239766 0.10623781676413255 0.018457602339181287 0.044184535412605586
0 0.5692616959064327 0.27014294996751137 0.018457602339181287 0.03151397011046134
0 0.1825657894736842 0.1585445094217024 0.017543859649122806 0.03183885640025991
0 0.5847953216374269 0.8734567901234568 0.019371345029239765 0.03931124106562703
0 0.5444078947368421 0.4121182586094867 0.015899122807017545 0.030214424951267055
0 0.43969298245614036 0.09486679662118258 0.01114766081871345 0.017868745938921377
0 0.2566703216374269 0.31676413255360625 0.02266081871345029 0.03346328784925276
0 0.004751461988304093 0.021767381416504222 0.009502923976608187 0.030864197530864196
0 0.5508040935672515 0.8003573749187785 0.01918859649122807 0.03541260558804418
0 0.23273026315789475 0.011533463287849252 0.01644736842105263 0.023066926575698504
0 0.269828216374269 0.7698180636777128 0.01864035087719298 0.03248862897985705
0 0.8742690058479532 0.2823261858349578 0.018092105263157895 0.030214424951267055
0 0.30824378654970763 0.6658219623131905 0.014654605263157894 0.030152696556205328
0 0.0062134502923976605 0.13450292397660818 0.012244152046783625 0.037686809616634176
0 0.8654970760233918 0.06416504223521767 0.0222953216374269 0.04061078622482131
0 0.727796052631579 0.198180636777128 0.012426900584795321 0.022417153996101363
0 0.7714729532163743 0.42251461988304095 0.023757309941520467 0.03931124106562703
0 0.021564327485380116 0.06432748538011696 0.019005847953216373 0.031189083820662766
0 0.8093932748538012 0.7807017543859649 0.017726608187134504 0.03248862897985705
0 0.3418311403508772 0.033950617283950615 0.013888888888888888 0.03443794671864847
0 0.21829312865497075 0.13304093567251463 0.01827485380116959 0.0341130604288499
0 0.6782711988304093 0.3205003248862898 0.01918859649122807 0.03216374269005848
0 0.5859831871345029 0.2235217673814165 0.01516812865497076 0.029239766081871343
0 0.1629203216374269 0.5355750487329435 0.0222953216374269 0.03541260558804418
0 0.15067616959064328 0.5839831059129305 0.020650584795321638 0.036387264457439894
0 0.3216374269005848 0.13060428849902533 0.013157894736842105 0.03248862897985705
0 0.8903508771929824 0.1629304743339831 0.028143274853801168 0.05555555555555555
0 0.8019152046783625 0.08417153996101363 0.025063961988304094 0.04586094866796621
0 0.9313779239766082 0.9753086419753086 0.03764619883040936 0.04938271604938271
0 0.13596491228070176 0.11176088369070825 0.0133406432748538 0.024041585445094216
0 0.44901315789473684 0.0583170890188434 0.014619883040935672 0.028265107212475632
0 0.8401864035087719 0.008447043534762833 0.023026315789473683 0.016894087069525665
0 0.40542763157894735 0.032975958414554904 0.013523391812865496 0.029564652371669914
0 0.3381761695906433 0.7683560753736193 0.018092105263157895 0.03216374269005848
0 0.31569809941520466 0.054418453541260556 0.010964912280701754 0.02664067576348278
0 0.4203216374269006 0.06692657569850552 0.012244152046783625 0.02761533463287849
0 0.5287737573099415 0.9710851202079273 0.016831140350877193 0.035318388564002594
0 0.2526535087719298 0.1380474333983106 0.01588998538011696 0.03157244964262508
0 0.56734283625731 0.44298245614035087 0.018457602339181287 0.03378817413905133
0 0.993421052631579 0.6954191033138402 0.013157894736842105 0.04775828460038986
0 0.7673611111111112 0.4657244964262508 0.023574561403508772 0.042884990253411304
0 0.4403326023391813 0.38905133203378817 0.015899122807017545 0.029564652371669914
0 0.3277595029239766 0.015107212475633527 0.013888888888888888 0.028914879792072773
0 0.041209795321637425 0.1299545159194282 0.023757309941520467 0.04223521767381416
0 0.9205043859649122 0.22011046133853152 0.03070175438596491 0.058154645873944116
0 0.07785087719298246 0.1949317738791423 0.021198830409356724 0.03541260558804418
0 0.5036549707602339 0.01055880441845354 0.023026315789473683 0.02111760883690708
0 0.1527777777777778 0.27030539311241064 0.03179824561403509 0.05425601039636127
0 0.5340826023391813 0.3622482131254061 0.01864035087719298 0.0341130604288499
0 0.8255226608187135 0.5778427550357375 0.023294956140350875 0.04099740090968161
0 0.2905701754385965 0.20679012345679013 0.01827485380116959 0.03541260558804418
0 0.915296052631579 0.1341780376868096 0.02503654970760234 0.043209876543209874
0 0.9908625730994152 0.8141650422352177 0.01827485380116959 0.0341130604288499
0 0.7596856725146199 0.09876543209876543 0.021564327485380116 0.04093567251461988
0 0.08890716374269006 0.1411630929174789 0.014071637426900584 0.02631578947368421
0 0.7097953216374269 0.10769980506822611 0.01516812865497076 0.029889538661468484
0 0.23903508771929824 0.22076023391812866 0.01516812865497076 0.02729044834307992
0 0.0360014619883041 0.18762183235867447 0.018457602339181287 0.030864197530864196
0 0.21847587719298245 0.007797270955165692 0.013706140350877192 0.015269655620532813
0 0.4965277777777778 0.17560103963612736 0.017543859649122806 0.03281351526965562
0 0.07428728070175439 0.24642625081221572 0.017361111111111112 0.03443794671864847
0 0.11083698830409357 0.8411306042884991 0.02046783625730994 0.037686809616634176
0 0.2638888888888889 0.04775828460038986 0.020833333333333332 0.037361923326835605
0 0.9491959064327485 0.2071150097465887 0.028326023391812866 0.04678362573099415
0 0.7558479532163743 0.026153346328784924 0.016812865497076022 0.02794022092267706
0 0.9916849415204678 0.9061078622482132 0.01663011695906433 0.048408057179987
0 0.43896198830409355 0.36533463287849255 0.012244152046783625 0.02761533463287849
0 0.5642361111111112 0.4725471085120208 0.021198830409356724 0.044509421702404156
0 0.6613669590643275 0.49155295646523717 0.019736842105263157 0.03508771929824561
0 0.2982456140350877 0.0242040285899935 0.014619883040935672 0.02696556205328135
0 0.9797149122807017 0.3130279402209227 0.015716374269005847 0.023716699155295645
0 0.6858552631578947 0.4759584145549058 0.014802631578947368 0.02599090318388564
0 0.7447916666666666 0.06757634827810266 0.017909356725146198 0.03313840155945419
0 0.4925986842105263 0.75909681611436 0.012792397660818713 0.02631578947368421
0 0.538468567251462 0.2378167641325536 0.01663011695906433 0.029239766081871343
0 0.2294407894736842 0.4101689408706953 0.01516812865497076 0.025666016894087068
0 0.33068347953216376 0.07244964262508122 0.013157894736842105 0.02794022092267706
0 0.04815423976608187 0.36419753086419754 0.01663011695906433 0.02664067576348278
0 0.8728983918128655 0.022742040285899934 0.016264619883040937 0.02696556205328135
0 0.15707236842105263 0.14928525016244315 0.01114766081871345 0.02111760883690708
0 0.7100694444444444 0.3669590643274854 0.011878654970760233 0.02111760883690708
0 0.013614766081871345 0.07634827810266406 0.022112573099415205 0.03573749187784275
0 0.7148556286549708 0.18932748538011696 0.015327119883040936 0.029317738791423
0 0.8939784356725147 0.3877485380116959 0.019133771929824562 0.029057829759584146
0 0.8356176900584795 0.03654970760233918 0.025767543859649123 0.044184535412605586
0 0.28188961988304095 0.6252436647173489 0.02010233918128655 0.03183885640025991
0 0.5365497076023392 0.31871345029239767 0.010964912280701754 0.028589993502274202
0 0.9226059941520468 0.29580896686159847 0.02412280701754386 0.04191033138401559
0 0.32520102339181284 0.03752436647173489 0.012792397660818713 0.028914879792072773
0 0.550670687134503 0.0974301494476933 0.011982821637426899 0.03273879142300195
0 0.8935489766081871 0.23619233268356074 0.018457602339181287 0.03216374269005848
0 0.2903874269005848 0.37475633528265107 0.01699561403508772 0.029564652371669914
0 0.052448830409356724 0.7009421702404158 0.019005847953216373 0.02794022092267706
0 0.5548702485380117 0.0453638726445744 0.01700657894736842 0.027550357374918778
0 0.6715095029239766 0.3005198180636777 0.019005847953216373 0.036062378167641324
0 0.3115862573099415 0.13710201429499674 0.01663011695906433 0.03248862897985705
0 0.5591191520467836 0.28817413905133205 0.01608187134502924 0.028589993502274202
0 0.8745431286549707 0.17348927875243664 0.025219298245614034 0.04873294346978557
0 0.32748538011695905 0.19005847953216373 0.014071637426900584 0.025341130604288498
0 0.18183479532163743 0.4051332033788174 0.01644736842105263 0.028265107212475632
0 0.5610380116959064 0.18632228719948019 0.02412280701754386 0.04223521767381416
0 0.28983918128654973 0.44509421702404156 0.025584795321637425 0.04028589993502274
0 0.8591008771929824 0.044184535412605586 0.02101608187134503 0.03931124106562703
0 0.6690423976608187 0.056530214424951264 0.015899122807017545 0.021442495126705652
0 0.4152046783625731 0.02452891487979207 0.014802631578947368 0.02761533463287849
0 0.7695540935672515 0.02729044834307992 0.01699561403508772 0.03248862897985705
0 0.9369517543859649 0.305230669265757 0.020285087719298246 0.037686809616634176
0 0.8387244152046783 0.11793372319688109 0.017178362573099414 0.030214424951267055
0 0.9180372807017544 0.061241065627030536 0.017178362573099414 0.03346328784925276
0 0.2756761695906433 0.5727745289148798 0.031067251461988302 0.04645873944119558
0 0.5230263157894737 0.9832683560753737 0.012792397660818713 0.025666016894087068
0 0.6360562865497076 0.010396361273554255 0.015899122807017545 0.02079272254710851
0 0.5389254385964912 0.08593242365172189 0.01699561403508772 0.03216374269005848
0 0.5079495614035088 0.07781026640675763 0.013706140350877192 0.024366471734892786
0 0.9388706140350878 0.0891812865497076 0.025767543859649123 0.04905782975958414
0 0.6755299707602339 0.31107862248213125 0.027777777777777776 0.05263157894736842
0 0.560124269005848 0.02111760883690708 0.017909356725146198 0.03476283300844704
0 0.4079861111111111 0.12589343729694608 0.015533625730994151 0.025341130604288498
0 0.7014802631578947 0.41130604288499023 0.016264619883040937 0.02599090318388564
0 0.32574926900584794 0.34665367121507473 0.015899122807017545 0.02599090318388564
0 0.5615862573099415 0.7966211825860948 0.017726608187134504 0.03313840155945419
0 0.6324013157894737 0.25097465886939574 0.015899122807017545 0.02729044834307992
0 0.7642543859649122 0.8333333333333334 0.012792397660818713 0.023716699155295645
0 0.9131944444444444 0.10802469135802469 0.022112573099415205 0.03866146848602989
0 0.8843201754385965 0.018518518518518517 0.014437134502923976 0.02696556205328135
0 0.815515350877193 0.15383365821962314 0.017543859649122806 0.03248862897985705
0 0.5603070175438597 0.40578297595841456 0.015716374269005847 0.030539311241065625
0 0.004660087719298245 0.06871345029239766 0.00932017543859649 0.03443794671864847
0 0.049707602339181284 0.39246263807667314 0.017726608187134504 0.03151397011046134
0 0.10069444444444445 0.06286549707602339 0.014619883040935672 0.02664067576348278
0 0.6042580409356725 0.057504873294346975 0.026498538011695907 0.04678362573099415
0 0.2164656432748538 0.2982456140350877 0.017726608187134504 0.030539311241065625
0 0.3661366959064328 0.07910981156595191 0.012975146198830409 0.031189083820662766
0 0.11659356725146199 0.15692007797270954 0.014802631578947368 0.02729044834307992
0 0.14610745614035087 0.38921377517868744 0.021198830409356724 0.03541260558804418
0 0.47167397660818716 0.6507472384665367 0.010782163742690058 0.025666016894087068
0 0.18722587719298245 0.0583170890188434 0.011513157894736841 0.022417153996101363
0 0.719389619883041 0.3822287199480182 0.01663011695906433 0.03151397011046134
0 0.6405336257309941 0.36500974658869395 0.014437134502923976 0.02696556205328135
0 0.3175255847953216 0.4387589343729695 0.01699561403508772 0.0396361273554256
0 0.9324744152046783 0.24057829759584146 0.02448830409356725 0.043859649122807015
0 0.4982638888888889 0.2680311890838207 0.014071637426900584 0.02794022092267706
0 0.3074744152046784 0.4327485380116959 0.019371345029239765 0.03996101364522417
0 0.28691520467836257 0.3723196881091618 0.02631578947368421 0.043534762833008445
0 0.4718567251461988 0.26689408706952567 0.013888888888888888 0.023391812865497075
0 0.35407529239766083 0.4301494476933073 0.01206140350877193 0.024366471734892786
0 0.6076388888888888 0.22595841455490578 0.013706140350877192 0.02729044834307992
0 0.2290752923976608 0.09535412605588044 0.008406432748538011 0.014294996751137101
0 0.9018640350877193 0.33544509421702406 0.015716374269005847 0.028589993502274202
0 0.16072733918128654 0.09454191033138401 0.011330409356725146 0.022742040285899934
0 0.7965113304093567 0.12800519818063677 0.013892543859649121 0.02696556205328135
0 0.9249817251461988 0.16211825860948667 0.03527046783625731 0.05523066926575698
0 0.1631030701754386 0.14554905782975958 0.01114766081871345 0.023066926575698504
0 0.5049342105263158 0.33755685510071476 0.012244152046783625 0.024041585445094216
0 0.19124634502923976 0.16796621182586094 0.017178362573099414 0.030539311241065625
0 0.5096856725146199 0.15188434048083171 0.018092105263157895 0.03833658219623132
0 0.040266812865497076 0.4017933723196881 0.015590277777777778 0.031046133853151397
0 0.2666301169590643 0.02631578947368421 0.014802631578947368 0.01949317738791423
0 0.3050986842105263 0.46751137102014295 0.01699561403508772 0.028265107212475632
0 0.5248538011695907 0.2896361273554256 0.010599415204678362 0.02599090318388564
0 0.8462171052631579 0.7413905133203379 0.019005847953216373 0.03378817413905133
0 0.3333333333333333 0.5693632228719948 0.017909356725146198 0.029239766081871343
0 0.8236476608187134 0.05019493177387914 0.020650584795321638 0.036387264457439894
0 0.5056652046783626 0.18242365172189734 0.01608187134502924 0.03183885640025991
0 0.43702302631578943 0.26971734892787524 0.011918859649122806 0.03748862897985705
0 0.8622076023391813 0.40675763482781024 0.02284356725146199 0.03898635477582846
0 0.11120248538011696 0.46020142949967513 0.016812865497076022 0.030539311241065625
0 0.48135964912280704 0.40789473684210525 0.011878654970760233 0.029239766081871343
0 0.27595029239766083 0.07829759584145549 0.014071637426900584 0.03476283300844704
0 0.1095577485380117 0.08641975308641975 0.013157894736842105 0.02729044834307992
0 0.9099049707602339 0.3744314489928525 0.016812865497076022 0.029239766081871343
0 0.21728801169590642 0.2785899935022742 0.017178362573099414 0.02664067576348278
0 0.11686769005847954 0.008122157244964262 0.01425438596491228 0.016244314489928524
0 0.9335709064327485 0.8770305393112411 0.015716374269005847 0.028265107212475632
0 0.46875 0.08170890188434048 0.015716374269005847 0.03833658219623132
0 0.2278874269005848 0.9848927875243665 0.023026315789473683 0.030214424951267055
0 0.22660818713450293 0.9452566601689408 0.02266081871345029 0.036387264457439894
0 0.3102156432748538 0.35558804418453543 0.02138157894736842 0.03866146848602989
0 0.9766081871345029 0.3027940220922677 0.017361111111111112 0.028265107212475632
0 0.5423976608187134 0.5687134502923976 0.012426900584795321 0.021767381416504222
0 0.07200657894736842 0.21702729044834307 0.021006944444444446 0.034109811565951914
0 0.1980080409356725 0.2948343079922027 0.016812865497076022 0.03541260558804418
0 0.46536915204678364 0.057829759584145546 0.011695906432748537 0.024691358024691357
0 0.6601790935672515 0.04499675113710201 0.01425438596491228 0.028265107212475632
0 0.9654605263157895 0.25958414554905784 0.02503654970760234 0.03931124106562703
0 0.1911549707602339 0.21783625730994152 0.02046783625730994 0.03996101364522417
0 0.7559393274853801 0.2246588693957115 0.020285087719298246 0.03443794671864847
0 0.46390716374269003 0.3312215724496426 0.012792397660818713 0.022092267706302793
0 0.5169956140350878 0.4217024041585445 0.01516812865497076 0.02794022092267706
0 0.46984649122807015 0.02599090318388564 0.010782163742690058 0.0198180636777128
0 0.07154605263157894 0.147498375568551 0.014985380116959063 0.02664067576348278
0 0.6134868421052632 0.3667966211825861 0.01644736842105263 0.03313840155945419
0 0.6701388888888888 0.16536712150747238 0.021747076023391813 0.0396361273554256
0 0.5881761695906432 0.45191682910981157 0.013706140350877192 0.029889538661468484
0 0.7182931286549707 0.46101364522417154 0.01644736842105263 0.028914879792072773
0 0.13194444444444445 0.9246263807667316 0.029605263157894735 0.037361923326835605
0 0.4583662280701754 0.3246556205328135 0.013435672514619882 0.023083170890188433
0 0.30098684210526316 0.6895711500974658 0.014985380116959063 0.029564652371669914
0 0.8338815789473685 0.0924301494476933 0.023940058479532164 0.037686809616634176
0 0.014619883040935672 0.9296621182586094 0.016264619883040937 0.025016244314489927
0 0.10124269005847954 0.291585445094217 0.01918859649122807 0.03346328784925276
0 0.5704495614035088 0.8989603638726446 0.015350877192982455 0.02794022092267706
0 0.6708698830409356 0.22173489278752437 0.017543859649122806 0.028589993502274202
0 0.1915204678362573 0.04467186484730344 0.013157894736842105 0.021442495126705652
0 0.06405336257309942 0.09957764782326185 0.012975146198830409 0.023716699155295645
0 0.9734100877192983 0.3336582196231319 0.027046783625730993 0.04061078622482131
0 0.10370979532163743 0.37037037037037035 0.015533625730994151 0.028914879792072773
0 0.6573464912280702 0.32651072124756336 0.012609649122807017 0.02631578947368421
0 0.7142726608187134 0.4891163092917479 0.013888888888888888 0.02729044834307992
0 0.23620248538011696 0.03996101364522417 0.014802631578947368 0.028914879792072773
0 0.04258040935672515 0.15903183885640026 0.02046783625730994 0.037037037037037035
0 0.9439875730994152 0.5544184535412605 0.023574561403508772 0.0341130604288499
0 0.9732273391812866 0.42105263157894735 0.02412280701754386 0.03898635477582846
0 0.1369700292397661 0.0693632228719948 0.019554093567251463 0.02794022092267706
0 0.2277046783625731 0.16358024691358025 0.011878654970760233 0.02696556205328135
0 0.34036915204678364 0.10298895386614684 0.016812865497076022 0.037037037037037035
0 0.47478070175438597 0.01397011046133853 0.01114766081871345 0.02631578947368421
0 0.5133406432748538 0.8088044184535412 0.01425438596491228 0.028589993502274202
0 0.22514619883040934 0.03313840155945419 0.017361111111111112 0.036062378167641324
0 0.8791118421052632 0.5544184535412605 0.020833333333333332 0.036062378167641324
0 0.6874086257309941 0.48586744639376217 0.01608187134502924 0.038011695906432746
0 0.5746527777777778 0.8273229369720598 0.013523391812865496 0.02631578947368421
0 0.3462171052631579 0.14831059129304744 0.014437134502923976 0.03248862897985705
0 0.5113304093567251 0.3222871994801819 0.017178362573099414 0.02664067576348278
0 0.3790204678362573 0.1232943469785575 0.013706140350877192 0.02794022092267706
0 0.4606176900584795 0.3382066276803119 0.012244152046783625 0.023066926575698504
0 0.8285818713450293 0.23684210526315788 0.012792397660818713 0.023391812865497075
0 0.18740862573099415 0.3601364522417154 0.016812865497076022 0.03216374269005848
0 0.581140350877193 0.3646848602988954 0.014802631578947368 0.02729044834307992
0 0.3702485380116959 0.464100064977258 0.013888888888888888 0.030864197530864196
0 0.6736111111111112 0.5592917478882391 0.02138157894736842 0.037361923326835605
0 0.759046052631579 0.449317738791423 0.021929824561403508 0.03898635477582846
0 0.2380299707602339 0.07569850552306692 0.01206140350877193 0.028914879792072773
0 0.8628472222222222 0.4983755685510071 0.018092105263157895 0.030864197530864196
0 0.2463450292397661 0.6608187134502924 0.014985380116959063 0.024366471734892786
0 0.2292580409356725 0.037361923326835605 0.02850877192982456 0.04580896686159844
0 0.16063596491228072 0.2680311890838207 0.016264619883040937 0.03573749187784275
0 0.15570175438596492 0.4075698505523067 0.02101608187134503 0.038011695906432746
0 0.6107456140350878 0.2691682910981157 0.016812865497076022 0.02761533463287849
0 0.44126827485380116 0.2663190383365822 0.008974780701754385 0.025016244314489927
0 0.905610380116959 0.07439896036387264 0.015899122807017545 0.031189083820662766
0 0.26763523391812866 0.03622482131254061 0.011513157894736841 0.025341130604288498
0 0.8925438596491229 0.10250162443144899 0.018092105263157895 0.03248862897985705
0 0.5759320175438597 0.45321637426900585 0.014619883040935672 0.029239766081871343
0 0.5453015350877193 0.974090318388564 0.028031798245614033 0.035630279402209225
0 0.03295687134502924 0.24418778427550358 0.016891447368421054 0.022313190383365825
0 0.02245614035087719 0.14128005198180638 0.017580409356725148 0.034454191033138404
0 0.16795869883040937 0.04742365172189734 0.010248538011695906 0.020350877192982456
0 0.24732638888888886 0.10184535412605589 0.01621527777777778 0.03137751786874594
0 0.191734283625731 0.015032488628979858 0.013982090643274854 0.030064977257959716
0 0.269484649122807 0.21237491877842757 0.012797880116959065 0.0432033788174139
0 0.41548793859649125 0.0399317738791423 0.01047514619883041 0.024483430799220274
0 0.3887061403508772 0.1344801819363223 0.011114766081871345 0.027982456140350876
0 0.33616776315789476 0.14853151397011047 0.014256213450292399 0.034707602339181284
0 0.5493548976608188 0.024915529564652372 0.009473684210526316 0.02683235867446394
0 0.6657748538011695 0.013615984405458088 0.014484649122807019 0.02593567251461988
0 0.8525895467836258 0.10576348278102665 0.013618421052631578 0.024915529564652372
0 0.8174762426900584 0.12491877842755035 0.015296052631578948 0.022270955165692007
0 0.7251187865497076 0.17785575048732946 0.024256213450292396 0.02892787524366472
0 0.9373209064327486 0.27198505523066924 0.01651315789473684 0.031946068875893435
0 0.9557364766081872 0.31846978557504874 0.019360380116959064 0.033437296946068874
0 0.32366959064327483 0.7636874593892138 0.016385233918128655 0.031146848602988955
0 0.5302595029239766 0.4982748538011696 0.011485745614035089 0.028957115009746588
0 0.5746710526315789 0.21475958414554905 0.019755116959064328 0.052170240415854455
0 0.5911531432748538 0.19807992202729047 0.014356725146198832 0.02698180636777128
0 0.466016081871345 0.3908382066276803 0.0202156432748538 0.03787849252761533
0 0.43291483918128654 0.2506627680311891 0.016728801169590645 0.03343404808317089