0 0.8976608187134503 0.7597465886939572 0.029788011695906433 0.05458089668615984
0 0.3315972222222222 0.27923976608187134 0.019736842105263157 0.04093567251461988
0 0.5987755847953217 0.6419753086419753 0.02942251461988304 0.05165692007797271
0 0.22898391812865498 0.2785899935022742 0.02046783625730994 0.036387264457439894
0 0.5944809941520468 0.6137102014294997 0.029605263157894735 0.05198180636777128
0 0.30701754385964913 0.3689083820662768 0.02320906432748538 0.04191033138401559
0 0.658625730994152 0.5795971410006497 0.025767543859649123 0.04580896686159844
0 0.10297880116959064 0.2940220922677063 0.022112573099415205 0.0396361273554256
0 0.5141630116959064 0.5942170240415855 0.024671052631578948 0.0396361273554256
0 0.4066154970760234 0.4152046783625731 0.01882309941520468 0.036062378167641324
0 0.39574195906432746 0.6598440545808967 0.031067251461988302 0.04710851202079272
0 0.8831323099415205 0.836582196231319 0.04513888888888889 0.07569850552306692
0 0.7867324561403509 0.2863872644574399 0.01827485380116959 0.028265107212475632
0 0.6443713450292398 0.49935022742040286 0.019736842105263157 0.03508771929824561
0 0.6408077485380117 0.6052631578947368 0.02850877192982456 0.050682261208576995
0 0.2970577485380117 0.9673489278752436 0.04422514619883041 0.06530214424951267
0 0.2690972222222222 0.4967511371020143 0.028326023391812866 0.04905782975958414
0 0.6978252923976608 0.9187784275503573 0.03234649122807018 0.058154645873944116
0 0.097953216374269 0.4733593242365172 0.027412280701754384 0.04645873944119558
0 0.2408625730994152 0.37719298245614036 0.021198830409356724 0.037686809616634176
0 0.5645102339181286 0.5756985055230669 0.02540204678362573 0.0451591942820013
0 0.620796783625731 0.5443469785575049 0.02448830409356725 0.042884990253411304
0 0.5773026315789473 0.45890188434048085 0.019919590643274854 0.03833658219623132
0 0.5391995614035088 0.6076998050682261 0.0266812865497076 0.044184535412605586
0 0.18987573099415206 0.2665692007797271 0.02266081871345029 0.0396361273554256
0 0.3881578947368421 0.7470760233918129 0.029239766081871343 0.051332033788174136
0 0.3670504385964912 0.301819363222872 0.019371345029239765 0.036387264457439894
0 0.3475877192982456 0.3546133853151397 0.021929824561403508 0.04256010396361273
0 0.2733918128654971 0.33512020792722547 0.02266081871345029 0.04158544509421702
0 0.5101425438596491 0.563190383365822 0.025219298245614034 0.043534762833008445
0 0.6641081871345029 0.5397985705003249 0.02540204678362573 0.044184535412605586
0 0.11257309941520467 0.32001299545159195 0.024305555555555556 0.04191033138401559
0 0.19499269005847952 0.35834957764782327 0.0222953216374269 0.03996101364522417
0 0.2596856725146199 0.45159194282001297 0.03618421052631579 0.06562703053931124
0 0.264437134502924 0.2756660168940871 0.019005847953216373 0.036062378167641324
0 0.6992872807017544 0.6358024691358025 0.027046783625730993 0.04743339831059129
0 0.5113304093567251 0.6302794022092267 0.023940058479532164 0.04061078622482131
0 0.9162097953216374 0.805230669265757 0.034173976608187134 0.05847953216374269
0 0.5106907894736842 0.3950617283950617 0.021198830409356724 0.04093567251461988
0 0.24040570175438597 0.8299220272904484 0.04788011695906433 0.09161793372319688
0 0.36001461988304095 0.4394087069525666 0.02448830409356725 0.04256010396361273
0 0.6079130116959064 0.5695256660168941 0.026498538011695907 0.049707602339181284
0 0.07337353801169591 0.35201429499675113 0.027412280701754384 0.043534762833008445
0 0.7296235380116959 0.9106562703053931 0.03654970760233918 0.06465237166991553
0 0.5413011695906432 0.639538661468486 0.02284356725146199 0.037686809616634176
0 0.4828216374269006 0.5638401559454191 0.02722953216374269 0.04775828460038986
0 0.6900584795321637 0.21832358674463936 0.017361111111111112 0.02599090318388564
0 0.7894736842105263 0.8427550357374919 0.029239766081871343 0.051332033788174136
0 0.5181834795321637 0.7196231319038336 0.03234649122807018 0.05523066926575698
0 0.4567799707602339 0.4473684210526316 0.023757309941520467 0.042884990253411304
0 0.6057200292397661 0.5077972709551657 0.02266081871345029 0.03996101364522417
0 0.31679459064327486 0.6403508771929824 0.036915204678362575 0.06367771280051981
0 0.3433845029239766 0.32098765432098764 0.0222953216374269 0.03833658219623132
0 0.5852521929824561 0.5617283950617284 0.02503654970760234 0.04548408057179987
0 0.1752558479532164 0.2246588693957115 0.02284356725146199 0.03833658219623132
0 0.56734283625731 0.6229694606887589 0.031067251461988302 0.05880441845354126
0 0.9203216374269005 0.854775828460039 0.03837719298245614 0.06692657569850552
0 0.7750365497076024 0.5683885640025991 0.023391812865497075 0.036712150747238464
0 0.5504385964912281 0.5116959064327485 0.023391812865497075 0.037361923326835605
0 0.13066520467836257 0.399772579597141 0.028143274853801168 0.04158544509421702
0 0.24707602339181287 0.35834957764782327 0.0222953216374269 0.04158544509421702
0 0.7694627192982456 0.8713450292397661 0.028143274853801168 0.05555555555555555
0 0.6745248538011696 0.6239441195581547 0.0222953216374269 0.04223521767381416
0 0.2868238304093567 0.22953216374269006 0.02010233918128655 0.03866146848602989
0 0.6437317251461988 0.5441845354126056 0.02046783625730994 0.036062378167641324
0 0.3465826023391813 0.3887264457439896 0.020833333333333332 0.03378817413905133
0 0.8194444444444444 0.6325536062378168 0.02503654970760234 0.04223521767381416
0 0.6848501461988304 0.7987329434697856 0.03326023391812866 0.058154645873944116
0 0.42370248538011696 0.881578947368421 0.03252923976608187 0.057179987004548405
0 0.29312865497076024 0.4848927875243665 0.030519005847953216 0.05555555555555555
0 0.4130116959064328 0.5709876543209876 0.028326023391812866 0.049707602339181284
0 0.4696637426900585 0.8702079272254711 0.025219298245614034 0.04613385315139701
0 0.5070358187134503 0.45435347628330086 0.022112573099415205 0.036062378167641324
0 0.8786549707602339 0.47368421052631576 0.023940058479532164 0.04256010396361273
0 0.4567799707602339 0.628167641325536 0.02284356725146199 0.042884990253411304
0 0.540296052631579 0.43729694606887587 0.020650584795321638 0.03541260558804418
0 0.1283808479532164 0.5644899285250162 0.038011695906432746 0.06140350877192982
0 0.8672331871345029 0.8019818063677713 0.028691520467836257 0.05198180636777128
0 0.3505116959064328 0.4106562703053931 0.02266081871345029 0.03866146848602989
0 0.4548611111111111 0.5105588044184536 0.023940058479532164 0.044184535412605586
0 0.1703216374269006 0.9307992202729045 0.05829678362573099 0.10851202079272254
0 0.27165570175438597 0.6890838206627681 0.04258040935672515 0.07017543859649122
0 0.13971125730994152 0.6098115659519169 0.02850877192982456 0.04580896686159844
0 0.6914290935672515 0.8378817413905133 0.0356359649122807 0.06172839506172839
0 0.043951023391812866 0.3378817413905133 0.02850877192982456 0.051007147498375566
0 0.20376461988304093 0.305230669265757 0.02138157894736842 0.03898635477582846
0 0.45129751461988304 0.6723521767381416 0.026498538011695907 0.04743339831059129
0 0.2894736842105263 0.34307992202729043 0.019919590643274854 0.037037037037037035
0 0.3549890350877193 0.7321312540610786 0.03435672514619883 0.06075373619233268
0 0.3379934210526316 0.9722222222222222 0.04276315789473684 0.05555555555555555
0 0.2034904970760234 0.507959714100065 0.02448830409356725 0.04223521767381416
0 0.5137061403508771 0.7555230669265757 0.03070175438596491 0.051332033788174136
0 0.308296783625731 0.6018518518518519 0.025584795321637425 0.04483430799220273
0 0.7200292397660819 0.7509746588693957 0.0360014619883041 0.06920077972709551
0 0.31569809941520466 0.7867121507472384 0.030519005847953216 0.05620532813515269
0 0.18622076023391812 0.39798570500324887 0.029788011695906433 0.05263157894736842
0 0.39208698830409355 0.695906432748538 0.03125 0.05555555555555555
0 0.4664656432748538 0.27631578947368424 0.017361111111111112 0.029239766081871343
0 0.4173062865497076 0.33641975308641975 0.020833333333333332 0.03573749187784275
0 0.042214912280701754 0.4126055880441845 0.02540204678362573 0.044184535412605586
0 0.5842470760233918 0.839993502274204 0.031615497076023395 0.05523066926575698
0 0.6154970760233918 0.4730344379467186 0.021198830409356724 0.036712150747238464
0 0.2843567251461988 0.6388888888888888 0.0403874269005848 0.07277452891487979
0 0.6953581871345029 0.7361923326835608 0.031615497076023395 0.05588044184535412
0 0.7404057017543859 0.9631254061078622 0.031067251461988302 0.05523066926575698
0 0.5120614035087719 0.9488304093567251 0.03819444444444445 0.06595191682910981
0 0.1785453216374269 0.7413905133203379 0.046052631578947366 0.08349577647823261
0 0.5494334795321637 0.6751137102014295 0.03033625730994152 0.057829759584145546
0 0.4784356725146199 0.7828135152696556 0.03033625730994152 0.05425601039636127
0 0.96875 0.44834307992202727 0.021564327485380116 0.03216374269005848
0 0.4451754385964912 0.8092917478882391 0.02503654970760234 0.04645873944119558
0 0.7146381578947368 0.6946068875893437 0.03125 0.058154645873944116
0 0.5868055555555556 0.496588693957115 0.025767543859649123 0.048408057179987
0 0.3029970760233918 0.9277128005198181 0.03728070175438596 0.06335282651072124
0 0.2829861111111111 0.42218973359324236 0.025219298245614034 0.04548408057179987
0 0.5867141812865497 0.783625730994152 0.04331140350877193 0.08349577647823261
0 0.4833698830409357 0.6798245614035088 0.02266081871345029 0.03931124106562703
0 0.05710891812865497 0.9597141000649773 0.05592105263157895 0.08024691358024691
0 0.2509137426900585 0.9779077322936972 0.039473684210526314 0.044184535412605586
0 0.47514619883040937 0.3667966211825861 0.01882309941520468 0.03183885640025991
0 0.10992324561403509 0.5167316439246263 0.031432748538011694 0.05425601039636127
0 0.21966374269005848 0.9210526315789473 0.04824561403508772 0.08219623131903833
0 0.4712171052631579 0.8279727095516569 0.03326023391812866 0.0594541910331384
0 0.46408991228070173 0.9564652371669915 0.03929093567251462 0.07992202729044834
0 0.34594298245614036 0.2719298245614035 0.02010233918128655 0.03866146848602989
0 0.25411184210526316 0.6078622482131254 0.03709795321637427 0.06042884990253411
0 0.2364766081871345 0.6811241065627031 0.0447733918128655 0.08447043534762833
0 0.28481359649122806 0.7993827160493827 0.03490497076023392 0.06595191682910981
0 0.41465643274853803 0.43664717348927873 0.019554093567251463 0.03508771929824561
0 0.5880847953216374 0.9730344379467186 0.04294590643274854 0.0539311241065627
0 0.38340643274853803 0.9730344379467186 0.033625730994152045 0.0539311241065627
0 0.9322002923976608 0.3643599740090968 0.0268640350877193 0.04580896686159844
0 0.6735197368421053 0.7098765432098766 0.03764619883040936 0.06660168940870695
0 0.6046235380116959 0.6895711500974658 0.0266812865497076 0.04710851202079272
0 0.6749817251461988 0.4673489278752437 0.020650584795321638 0.036387264457439894
0 0.42909356725146197 0.9434697855750487 0.03819444444444445 0.07212475633528265
0 0.4836440058479532 0.655458089668616 0.028143274853801168 0.04808317089018843
0 0.7394005847953217 0.6270305393112411 0.028326023391812866 0.04678362573099415
0 0.03262061403508772 0.8788174139051332 0.06067251461988304 0.10103963612735542
0 0.5892726608187134 0.9267381416504223 0.041301169590643276 0.06107862248213125
0 0.5096856725146199 0.3239116309291748 0.019554093567251463 0.03216374269005848
0 0.37774122807017546 0.5024366471734892 0.025219298245614034 0.05263157894736842
0 0.347953216374269 0.46881091617933723 0.017726608187134504 0.030539311241065625
0 0.4525767543859649 0.7342430149447693 0.030153508771929825 0.05880441845354126
0 0.7760416666666666 0.7688434048083171 0.028326023391812866 0.049707602339181284
0 0.3854166666666667 0.4554905782975958 0.019554093567251463 0.03508771929824561
0 0.6790021929824561 0.5750487329434698 0.023574561403508772 0.04191033138401559
0 0.5137061403508771 0.8027940220922677 0.031615497076023395 0.05880441845354126
0 0.46920687134502925 0.3105912930474334 0.01918859649122807 0.030214424951267055
0 0.9888523391812866 0.5191682910981157 0.0222953216374269 0.05263157894736842
0 0.6578947368421053 0.8705328135152697 0.0360014619883041 0.06042884990253411
0 0.3041849415204678 0.4437946718648473 0.024305555555555556 0.044509421702404156
0 0.20851608187134502 0.7992202729044834 0.0266812865497076 0.048408057179987
0 0.22130847953216373 0.3484405458089669 0.025767543859649123 0.051332033788174136
0 0.9529422514619883 0.6115984405458089 0.03983918128654971 0.0649772579597141
0 0.8548062865497076 0.9777452891487979 0.035818713450292396 0.044509421702404156
0 0.376187865497076 0.6135477582846004 0.031067251461988302 0.05523066926575698
0 0.44672880116959063 0.4775828460038986 0.019736842105263157 0.037037037037037035
0 0.08177997076023392 0.7784275503573749 0.04276315789473684 0.07959714100064977
0 0.5585709064327485 0.535899935022742 0.026133040935672515 0.0451591942820013
0 0.21792763157894737 0.7621832358674464 0.030519005847953216 0.0539311241065627
0 0.20879020467836257 0.4048083170890188 0.027046783625730993 0.04613385315139701
0 0.6253654970760234 0.6439246263807668 0.029239766081871343 0.049707602339181284
0 0.4031432748538012 0.27257959714100066 0.01699561403508772 0.030539311241065625
0 0.2477156432748538 0.2761533463287849 0.01918859649122807 0.03866146848602989
0 0.25922880116959063 0.25064977257959714 0.01918859649122807 0.03378817413905133
0 0.3035453216374269 0.4096816114359974 0.02503654970760234 0.049707602339181284
0 0.3409173976608187 0.8871020142949968 0.019005847953216373 0.03281351526965562
0 0.3805738304093567 0.3050682261208577 0.019554093567251463 0.03443794671864847
0 0.8750913742690059 0.28914879792072773 0.020833333333333332 0.037361923326835605
0 0.8486842105263158 0.838856400259909 0.03271198830409357 0.05620532813515269
0 0.13651315789473684 0.46507472384665366 0.030153508771929825 0.04678362573099415
0 0.14884868421052633 0.3611111111111111 0.019005847953216373 0.036062378167641324
0 0.26398026315789475 0.5692007797270955 0.029605263157894735 0.05295646523716699
0 0.3409173976608187 0.9278752436647173 0.0360014619883041 0.06562703053931124
0 0.12966008771929824 0.3390188434048083 0.02448830409356725 0.04678362573099415
0 0.6548793859649122 0.6335282651072125 0.03252923976608187 0.05880441845354126
0 0.2772295321637427 0.2548732943469786 0.017178362573099414 0.030539311241065625
0 0.950109649122807 0.3076673164392463 0.02320906432748538 0.03996101364522417
0 0.9472770467836257 0.5573424301494477 0.03033625730994152 0.05230669265756985
0 0.5496162280701754 0.9688109161793372 0.03234649122807018 0.056855100714749834
0 0.8360745614035088 0.2912605588044185 0.023757309941520467 0.04191033138401559
0 0.65625 0.8330084470435347 0.0360014619883041 0.06432748538011696
0 0.1615497076023392 0.8247238466536713 0.044042397660818716 0.08674463937621832
0 0.7972404970760234 0.8729694606887589 0.031067251461988302 0.05230669265756985
0 0.4355811403508772 0.6044509421702404 0.024305555555555556 0.043209876543209874
0 0.2949561403508772 0.5513320337881742 0.031067251461988302 0.05588044184535412
0 0.4812682748538012 0.593404808317089 0.02503654970760234 0.043859649122807015
0 0.11056286549707603 0.2543859649122807 0.021564327485380116 0.042884990253411304
0 0.18448464912280702 0.3047433398310591 0.023757309941520467 0.04938271604938271
0 0.63578216374269 0.3676088369070825 0.016812865497076022 0.028589993502274202
0 0.7822551169590644 0.960688758934373 0.03709795321637427 0.06400259909031839
0 0.5642361111111112 0.4837556855100715 0.02448830409356725 0.04548408057179987
0 0.5721856725146199 0.8710201429499675 0.01918859649122807 0.03573749187784275
0 0.06679459064327485 0.22287199480181935 0.023757309941520467 0.036387264457439894
0 0.7378472222222222 0.43567251461988304 0.021198830409356724 0.036062378167641324
0 0.04568713450292398 0.2589343729694607 0.024671052631578948 0.04093567251461988
0 0.35252192982456143 0.573424301494477 0.025767543859649123 0.04873294346978557
0 0.8184393274853801 0.2875243664717349 0.018092105263157895 0.030864197530864196
0 0.6984649122807017 0.9727095516569201 0.02850877192982456 0.05165692007797271
0 0.3975694444444444 0.32748538011695905 0.01699561403508772 0.030539311241065625
0 0.9723135964912281 0.9798570500324886 0.03234649122807018 0.04028589993502274
0 0.8418311403508771 0.7524366471734892 0.02942251461988304 0.05165692007797271
0 0.9544956140350878 0.8806042884990254 0.03527046783625731 0.06335282651072124
0 0.5878106725146199 0.3897011046133853 0.014071637426900584 0.030864197530864196
0 0.4182200292397661 0.802956465237167 0.03234649122807018 0.056530214424951264
0 0.32383040935672514 0.5144574398960364 0.024853801169590642 0.03866146848602989
0 0.9211440058479532 0.9537037037037037 0.0400219298245614 0.07115009746588694
0 0.39281798245614036 0.42300194931773877 0.016264619883040937 0.030864197530864196
0 0.28362573099415206 0.447043534762833 0.022478070175438597 0.04126055880441845
0 0.04842836257309942 0.2932098765432099 0.021747076023391813 0.038011695906432746
0 0.10782163742690058 0.6239441195581547 0.03892543859649123 0.07017543859649122
0 0.4010416666666667 0.6174463937621832 0.031432748538011694 0.056530214424951264
0 0.8237390350877193 0.9803443794671864 0.02850877192982456 0.03931124106562703
0 0.77640716374269 0.6159844054580896 0.025219298245614034 0.04808317089018843
0 0.03435672514619883 0.5285899935022742 0.03070175438596491 0.04678362573099415
0 0.20065789473684212 0.3325211176088369 0.02448830409356725 0.0451591942820013
0 0.3149671052631579 0.5726120857699805 0.03070175438596491 0.05360623781676413
0 0.7130847953216374 0.6088369070825211 0.023940058479532164 0.03996101364522417
0 0.3827668128654971 0.2014294996751137 0.013706140350877192 0.025666016894087068
0 0.6517726608187134 0.44996751137102015 0.015716374269005847 0.028589993502274202
0 0.35252192982456143 0.17576348278102663 0.014071637426900584 0.028914879792072773
0 0.6084612573099415 0.45435347628330086 0.018092105263157895 0.031189083820662766
0 0.5134320175438597 0.36078622482131256 0.01425438596491228 0.022742040285899934
0 0.6594480994152047 0.4660493827160494 0.01663011695906433 0.030539311241065625
0 0.3510599415204678 0.7703053931124106 0.0268640350877193 0.04775828460038986
0 0.9921418128654971 0.45289148797920725 0.015716374269005847 0.043534762833008445
0 0.7703764619883041 0.27046783625730997 0.01918859649122807 0.028589993502274202
0 0.4112755847953216 0.36176088369070825 0.018457602339181287 0.030864197530864196
0 0.30391081871345027 0.872482131254061 0.03527046783625731 0.06205328135152696
0 0.39766081871345027 0.23619233268356074 0.017361111111111112 0.030864197530864196
0 0.30062134502923976 0.7119883040935673 0.03326023391812866 0.05620532813515269
0 0.38706140350877194 0.5544184535412605 0.031615497076023395 0.06042884990253411
0 0.954952485380117 0.1609811565951917 0.02138157894736842 0.04256010396361273
0 0.7463450292397661 0.24577647823261858 0.015350877192982455 0.025016244314489927
0 0.32876461988304095 0.40009746588693956 0.021198830409356724 0.043534762833008445
0 0.6492141812865497 0.78183885640026 0.03837719298245614 0.06757634827810266
0 0.29468201754385964 0.248862897985705 0.01699561403508772 0.02761533463287849
0 0.02010233918128655 0.9351851851851852 0.0400219298245614 0.07634827810266406
0 0.7760416666666666 0.10526315789473684 0.014802631578947368 0.025341130604288498
0 0.13450292397660818 0.7680311890838206 0.03490497076023392 0.06205328135152696
0 0.6752558479532164 0.49317738791423 0.017726608187134504 0.02794022092267706
0 0.1566154970760234 0.3198505523066927 0.0268640350877193 0.049707602339181284
0 0.4500182748538012 0.28005198180636776 0.016264619883040937 0.029889538661468484
0 0.6309393274853801 0.5667641325536062 0.02320906432748538 0.03996101364522417
0 0.7462536549707602 0.18908382066276802 0.015899122807017545 0.022417153996101363
0 0.8236476608187134 0.6955815464587395 0.02138157894736842 0.038011695906432746
0 0.060032894736842105 0.817738791423002 0.0356359649122807 0.06562703053931124
0 0.8226425438596491 0.21767381416504222 0.01882309941520468 0.028589993502274202
0 0.7449744152046783 0.7171864847303444 0.026498538011695907 0.050357374918778425
0 0.6920687134502924 0.8726445743989604 0.03216374269005848 0.0539311241065627
0 0.5307017543859649 0.5423976608187134 0.025584795321637425 0.04580896686159844
0 0.16885964912280702 0.3689083820662768 0.025584795321637425 0.049707602339181284
0 0.43567251461988304 0.5281026640675763 0.022478070175438597 0.04775828460038986
0 0.4942434210526316 0.3448667966211826 0.017909356725146198 0.03378817413905133
0 0.09173976608187134 0.5622157244964262 0.029605263157894735 0.050357374918778425
0 0.059941520467836254 0.6119233268356076 0.03252923976608187 0.05490578297595841
0 0.6166849415204678 0.2158869395711501 0.01827485380116959 0.02696556205328135
0 0.6103801169590644 0.7108512020792722 0.022112573099415205 0.04126055880441845
0 0.9224232456140351 0.607050032488629 0.03070175438596491 0.05230669265756985
0 0.928453947368421 0.2675438596491228 0.01864035087719298 0.029239766081871343
0 0.22139985380116958 0.5579922027290448 0.029239766081871343 0.050682261208576995
0 0.94234283625731 0.9811565951916829 0.038011695906432746 0.037686809616634176
0 0.6133040935672515 0.42868745938921377 0.021564327485380116 0.037037037037037035
0 0.5772112573099415 0.6910331384015594 0.03490497076023392 0.07472384665367121
0 0.026955409356725146 0.29385964912280704 0.02412280701754386 0.04028589993502274
0 0.41136695906432746 0.4821312540610786 0.021198830409356724 0.03443794671864847
0 0.17808845029239767 0.5014619883040936 0.031067251461988302 0.06432748538011696
0 0.19051535087719298 0.4502923976608187 0.02905701754385965 0.05165692007797271
0 0.5024671052631579 0.3633853151397011 0.01608187134502924 0.028589993502274202
0 0.20924707602339182 0.6106237816764133 0.03435672514619883 0.06367771280051981
0 0.6654788011695907 0.9524041585445094 0.03490497076023392 0.06855100714749837
0 0.9367690058479532 0.42917478882391163 0.021198830409356724 0.03476283300844704
0 0.558296783625731 0.4039961013645224 0.014071637426900584 0.02794022092267706
0 0.36019736842105265 0.6769005847953217 0.030884502923976608 0.05360623781676413
0 0.6533260233918129 0.4845679012345679 0.01516812865497076 0.02696556205328135
0 0.8169773391812866 0.9351851851851852 0.03216374269005848 0.05620532813515269
0 0.5501644736842105 0.3775178687459389 0.009137426900584795 0.01916829109811566
0 0.1004203216374269 0.3492527615334633 0.02887426900584795 0.05165692007797271
0 0.9933296783625731 0.29564652371669914 0.0133406432748538 0.031189083820662766
0 0.17781432748538012 0.6226445743989604 0.034722222222222224 0.07115009746588694
0 0.4588815789473684 0.37183235867446396 0.014802631578947368 0.025666016894087068
0 0.41109283625730997 0.31465237166991555 0.019371345029239765 0.029889538661468484
0 0.8386330409356725 0.805230669265757 0.03289473684210526 0.05523066926575698
0 0.8119517543859649 0.8192007797270955 0.03179824561403509 0.05198180636777128
0 0.6080043859649122 0.12475633528265107 0.014071637426900584 0.02599090318388564
0 0.06789108187134503 0.3235867446393762 0.025584795321637425 0.03183885640025991
0 0.6263706140350878 0.43453541260558803 0.01516812865497076 0.02729044834307992
0 0.5949378654970761 0.4551656920077973 0.011878654970760233 0.021442495126705652
0 0.38578216374269003 0.8122157244964262 0.03673245614035088 0.08284600389863547
0 0.5074013157894737 0.9809941520467836 0.04751461988304093 0.038011695906432746
0 0.16831140350877194 0.25877192982456143 0.017178362573099414 0.030214424951267055
0 0.8069261695906432 0.2769655620532814 0.014985380116959063 0.024041585445094216
0 0.02055921052631579 0.26364522417153996 0.024671052631578948 0.04256010396361273
0 0.6394371345029239 0.45727745289148797 0.013888888888888888 0.02599090318388564
0 0.6494883040935673 0.42560103963612733 0.024305555555555556 0.036062378167641324
0 0.5224780701754386 0.439083820662768 0.02412280701754386 0.0396361273554256
0 0.9890350877192983 0.5773229369720598 0.021564327485380116 0.03866146848602989
0 0.5483369883040936 0.7350552306692657 0.02850877192982456 0.049707602339181284
0 0.3858735380116959 0.3973359324236517 0.018457602339181287 0.036062378167641324
0 0.5988669590643275 0.43648473034437946 0.0133406432748538 0.024366471734892786
0 0.4852887426900585 0.6189083820662769 0.024305555555555556 0.03898635477582846
0 0.9317434210526315 0.5271280051981806 0.03399122807017544 0.05912930474333983
0 0.09137426900584796 0.25389863547758285 0.020833333333333332 0.037686809616634176
0 0.31432748538011696 0.27631578947368424 0.01864035087719298 0.03346328784925276
0 0.05939327485380117 0.5410981156595192 0.028143274853801168 0.04775828460038986
0 0.2640716374269006 0.7595841455490578 0.02722953216374269 0.04613385315139701
0 0.9865679824561403 0.6193957115009746 0.0268640350877193 0.08154645873944119
0 0.3079312865497076 0.18697205977907733 0.017361111111111112 0.030864197530864196
0 0.8318713450292398 0.616146848602989 0.023940058479532164 0.043209876543209874
0 0.17242324561403508 0.28118908382066277 0.015533625730994151 0.025016244314489927
0 0.4208698830409357 0.24593892137751786 0.019371345029239765 0.030539311241065625
0 0.4029605263157895 0.2503248862897986 0.01516812865497076 0.02664067576348278
0 0.8325109649122807 0.6639051332033788 0.023026315789473683 0.036387264457439894
0 0.5784904970760234 0.10038986354775828 0.019371345029239765 0.03216374269005848
0 0.8263888888888888 0.8594866796621182 0.03344298245614035 0.057179987004548405
0 0.5971308479532164 0.2214100064977258 0.017726608187134504 0.029889538661468484
0 0.25603070175438597 0.39928525016244315 0.02887426900584795 0.050682261208576995
0 0.4291849415204678 0.40464587394411955 0.01699561403508772 0.03248862897985705
0 0.3813048245614035 0.2512995451591943 0.015899122807017545 0.030214424951267055
0 0.36522295321637427 0.18875893437296945 0.018092105263157895 0.037361923326835605
0 0.14245248538011696 0.294996751137102 0.01827485380116959 0.029889538661468484
0 0.8283077485380117 0.7831384015594542 0.03033625730994152 0.05360623781676413
0 0.26991959064327486 0.2379792072774529 0.016812865497076022 0.030539311241065625
0 0.8418311403508771 0.6374269005847953 0.020833333333333332 0.03541260558804418
0 0.7277046783625731 0.447043534762833 0.0266812865497076 0.04613385315139701
0 0.5819627192982456 0.35201429499675113 0.010964912280701754 0.021767381416504222
0 0.8632127192982456 0.697043534762833 0.025584795321637425 0.04191033138401559
0 0.6130299707602339 0.30133203378817414 0.018092105263157895 0.03313840155945419
0 0.9436220760233918 0.45110461338531516 0.02010233918128655 0.0341130604288499
0 0.49990862573099415 0.5198180636777128 0.024305555555555556 0.04483430799220273
0 0.49415204678362573 0.49902534113060426 0.02412280701754386 0.042884990253411304
0 0.3215460526315789 0.38336582196231317 0.017909356725146198 0.03151397011046134
0 0.5074926900584795 0.3023066926575699 0.01425438596491228 0.024366471734892786
0 0.7254203216374269 0.5300519818063678 0.019371345029239765 0.03476283300844704
0 0.43759137426900585 0.3492527615334633 0.016812865497076022 0.028589993502274202
0 0.42543859649122806 0.7368421052631579 0.02850877192982456 0.05263157894736842
0 0.3047331871345029 0.32131254061078623 0.022112573099415205 0.037686809616634176
0 0.006761695906432748 0.45240415854450944 0.013523391812865496 0.02761533463287849
0 0.6805555555555556 0.18680961663417803 0.010599415204678362 0.018843404808317088
0 0.11485745614035088 0.7095516569200779 0.031615497076023395 0.05490578297595841
0 0.3237390350877193 0.5373619233268356 0.025767543859649123 0.04223521767381416
0 0.34329312865497075 0.6533463287849253 0.027777777777777776 0.04938271604938271
0 0.2033077485380117 0.24301494476933072 0.017909356725146198 0.031189083820662766
0 0.3352521929824561 0.23732943469785575 0.014985380116959063 0.02761533463287849
0 0.8149671052631579 0.6778752436647173 0.02412280701754386 0.04223521767381416
0 0.5817799707602339 0.3125406107862248 0.01206140350877193 0.022092267706302793
0 0.5212902046783626 0.37849252761533464 0.008406432748538011 0.015594541910331383
0 0.5778508771929824 0.13693957115009747 0.011330409356725146 0.023391812865497075
0 0.2640716374269006 0.16601689408706952 0.01516812865497076 0.02079272254710851
0 0.960343567251462 0.4855425601039636 0.02887426900584795 0.044509421702404156
0 0.4963450292397661 0.3945743989603639 0.01114766081871345 0.02079272254710851
0 0.7843567251461988 0.1783625730994152 0.013157894736842105 0.021767381416504222
0 0.8580043859649122 0.28460038986354774 0.02266081871345029 0.03898635477582846
0 0.1703216374269006 0.6575698505523067 0.027046783625730993 0.04775828460038986
0 0.147843567251462 0.2573099415204678 0.021929824561403508 0.03573749187784275
0 0.4479166666666667 0.4126055880441845 0.022112573099415205 0.04126055880441845
0 0.7817982456140351 0.6494476933073424 0.025584795321637425 0.04808317089018843
0 0.6510416666666666 0.16666666666666666 0.017726608187134504 0.029889538661468484
0 0.26452850877192985 0.18632228719948019 0.012609649122807017 0.021442495126705652
0 0.5418494152046783 0.4930149447693307 0.02138157894736842 0.038011695906432746
0 0.43357090643274854 0.3268356075373619 0.015716374269005847 0.02664067576348278
0 0.8809393274853801 0.40692007797270957 0.017178362573099414 0.024691358024691357
0 0.4215095029239766 0.4579272254710851 0.02046783625730994 0.038011695906432746
0 0.5405701754385965 0.32456140350877194 0.015533625730994151 0.028265107212475632
0 0.9643640350877193 0.40594541910331383 0.029239766081871343 0.04775828460038986
0 0.3517909356725146 0.23684210526315788 0.013706140350877192 0.024691358024691357
0 0.48373538011695905 0.30376868096166343 0.012609649122807017 0.024041585445094216
0 0.2862755847953216 0.3001949317738791 0.020833333333333332 0.03151397011046134
0 0.06277412280701754 0.29467186484730346 0.019554093567251463 0.03216374269005848
0 0.42580409356725146 0.3851526965562053 0.01608187134502924 0.030864197530864196
0 0.34036915204678364 0.4472059779077323 0.014802631578947368 0.02761533463287849
0 0.4554093567251462 0.3216374269005848 0.020285087719298246 0.038011695906432746
0 0.6175073099415205 0.351364522417154 0.020650584795321638 0.03443794671864847
0 0.6640168128654971 0.19574398960363873 0.016812865497076022 0.02696556205328135
0 0.3516995614035088 0.20337881741390512 0.01114766081871345 0.02014294996751137
0 0.5921966374269005 0.36728395061728397 0.010051169590643274 0.02046783625730994
0 0.5600328947368421 0.33349577647823264 0.011878654970760233 0.021767381416504222
0 0.4319261695906433 0.4283625730994152 0.016264619883040937 0.028589993502274202
0 0.5095029239766082 0.8451916829109811 0.03216374269005848 0.051332033788174136
0 0.9273574561403509 0.4592267706302794 0.020833333333333332 0.03476283300844704
0 0.6924342105263158 0.5258284600389863 0.01644736842105263 0.029564652371669914
0 0.1290204678362573 0.8812540610786225 0.029239766081871343 0.05230669265756985
0 0.5326206140350878 0.23034437946718647 0.009685672514619883 0.018193632228719947
0 0.12892909356725146 0.28005198180636776 0.01827485380116959 0.029889538661468484
0 0.3048245614035088 0.14944769330734242 0.009685672514619883 0.017868745938921377
0 0.5440423976608187 0.3424301494476933 0.008771929824561403 0.016569200779727095
0 0.11275584795321637 0.9593892137751787 0.0535453216374269 0.08057179987004548
0 0.58890716374269 0.2982456140350877 0.012244152046783625 0.023066926575698504
0 0.553453947368421 0.4314489928525016 0.010051169590643274 0.021767381416504222
0 0.5770285087719298 0.387264457439896 0.00932017543859649 0.021767381416504222
0 0.49917763157894735 0.3055555555555556 0.009137426900584795 0.017218973359324236
0 0.9928728070175439 0.49382716049382713 0.01425438596491228 0.04256010396361273
0 0.6239035087719298 0.18762183235867447 0.01516812865497076 0.024041585445094216
0 0.10462353801169591 0.8360948667966212 0.03728070175438596 0.06237816764132553
0 0.5236659356725146 0.35071474983755685 0.017726608187134504 0.028914879792072773
0 0.5423062865497076 0.4730344379467186 0.01882309941520468 0.029239766081871343
0 0.2669956140350877 0.30685510071474986 0.020285087719298246 0.036062378167641324
0 0.3402777777777778 0.8620857699805068 0.02503654970760234 0.03931124106562703
0 0.5671600877192983 0.38612735542560106 0.01023391812865497 0.01916829109811566
0 0.6261878654970761 0.9803443794671864 0.0447733918128655 0.03931124106562703
0 0.008771929824561403 0.40497076023391815 0.017543859649122806 0.04808317089018843
0 0.4418859649122807 0.2400909681611436 0.013523391812865496 0.024691358024691357
0 0.3980263157894737 0.48927875243664715 0.024853801169590642 0.04743339831059129
0 0.48519736842105265 0.7170240415854451 0.02905701754385965 0.05523066926575698
0 0.3204495614035088 0.30782975958414555 0.018457602339181287 0.029564652371669914
0 0.515625 0.2564977257959714 0.011330409356725146 0.01916829109811566
0 0.10389254385964912 0.08544509421702404 0.012426900584795321 0.02079272254710851
0 0.5638706140350878 0.42218973359324236 0.009868421052631578 0.017543859649122806
0 0.12490862573099415 0.8094541910331384 0.031980994152046784 0.056855100714749834
0 0.044956140350877194 0.22530864197530864 0.02138157894736842 0.03476283300844704
0 0.7776864035087719 0.5276153346328785 0.020285087719298246 0.03443794671864847
0 0.38742690058479534 0.3489278752436647 0.012792397660818713 0.023716699155295645
0 0.4487390350877193 0.2202729044834308 0.017909356725146198 0.028914879792072773
0 0.26416301169590645 0.3758934372969461 0.015533625730994151 0.028589993502274202
0 0.8064692982456141 0.29223521767381416 0.01699561403508772 0.024366471734892786
0 0.9722222222222222 0.552956465237167 0.023940058479532164 0.03931124106562703
0 0.22779605263157895 0.30328135152696556 0.01918859649122807 0.030214424951267055
0 0.5719115497076024 0.4026965562053281 0.008954678362573099 0.017218973359324236
0 0.17351973684210525 0.1968810916179337 0.01827485380116959 0.03281351526965562
0 0.757218567251462 0.21507472384665366 0.01644736842105263 0.02729044834307992
0 0.2138157894736842 0.4808317089018843 0.025950292397660817 0.0451591942820013
0 0.5063048245614035 0.8689083820662769 0.03399122807017544 0.06075373619233268
0 0.5581140350877193 0.36582196231319036 0.011695906432748537 0.02014294996751137
0 0.32474415204678364 0.24512670565302144 0.010051169590643274 0.018518518518518517
0 0.10279605263157894 0.9779077322936972 0.05592105263157895 0.044184535412605586
0 0.2564875730994152 0.17771280051981805 0.010599415204678362 0.02111760883690708
0 0.7040387426900585 0.153183885640026 0.019371345029239765 0.025016244314489927
0 0.5365497076023392 0.29012345679012347 0.017178362573099414 0.02729044834307992
0 0.19289108187134502 0.12280701754385964 0.012609649122807017 0.02046783625730994
0 0.39126461988304095 0.2654320987654321 0.012244152046783625 0.021767381416504222
0 0.6239035087719298 0.9546783625730995 0.0222953216374269 0.03833658219623132
0 0.5905519005847953 0.3291098115659519 0.011695906432748537 0.024366471734892786
0 0.5710891812865497 0.36712150747238464 0.01516812865497076 0.029239766081871343
0 0.6244517543859649 0.8923001949317739 0.033625730994152045 0.05977907732293697
0 0.8385416666666666 0.22985705003248863 0.015533625730994151 0.02664067576348278
0 0.7879203216374269 0.7342430149447693 0.026498538011695907 0.0451591942820013
0 0.38760964912280704 0.911143599740091 0.037463450292397664 0.07082521117608837
0 0.4140168128654971 0.5409356725146199 0.0222953216374269 0.03866146848602989
0 0.432108918128655 0.6414879792072774 0.029788011695906433 0.06725146198830409
0 0.21390716374269006 0.38141650422352175 0.0222953216374269 0.038011695906432746
0 0.7256944444444444 0.17040285899935023 0.017909356725146198 0.02599090318388564
0 0.36814692982456143 0.24805068226120858 0.013157894736842105 0.028914879792072773
0 0.4205043859649123 0.361598440545809 0.015350877192982455 0.030539311241065625
0 0.4540387426900585 0.24025341130604289 0.013888888888888888 0.023391812865497075
0 0.663468567251462 0.1232943469785575 0.009685672514619883 0.016569200779727095
0 0.616593567251462 0.5906432748538012 0.0222953216374269 0.03996101364522417
0 0.453125 0.34502923976608185 0.015533625730994151 0.025341130604288498
0 0.48583698830409355 0.2807017543859649 0.017909356725146198 0.03248862897985705
0 0.6196089181286549 0.7839506172839507 0.013706140350877192 0.023716699155295645
0 0.644828216374269 0.11517218973359324 0.01699561403508772 0.028265107212475632
0 0.6400767543859649 0.08430799220272904 0.014071637426900584 0.028589993502274202
0 0.891264619883041 0.5761858349577648 0.024671052631578948 0.04256010396361273
0 0.6122989766081871 0.7945094217024041 0.01114766081871345 0.02111760883690708
0 0.31816520467836257 0.15009746588693956 0.009137426900584795 0.018518518518518517
0 0.5726425438596491 0.20955165692007796 0.00712719298245614 0.01299545159194282
0 0.0693530701754386 0.2573099415204678 0.024671052631578948 0.04743339831059129
0 0.34402412280701755 0.22855750487329435 0.00932017543859649 0.016569200779727095
0 0.6235380116959064 0.253411306042885 0.008589181286549707 0.018518518518518517
0 0.4453581871345029 0.3047433398310591 0.014802631578947368 0.025341130604288498
0 0.6345942982456141 0.19883040935672514 0.013157894736842105 0.024366471734892786
0 0.5257675438596491 0.21848602988953866 0.00804093567251462 0.015594541910331383
0 0.6930738304093568 0.17316439246263807 0.017178362573099414 0.023391812865497075
0 0.5866228070175439 0.14343729694606888 0.010051169590643274 0.01916829109811566
0 0.15158991228070176 0.19217024041585445 0.012792397660818713 0.022417153996101363
0 0.1927997076023392 0.19785575048732942 0.015533625730994151 0.02631578947368421
0 0.006761695906432748 0.4746588693957115 0.013523391812865496 0.056855100714749834
0 0.3630299707602339 0.13044184535412606 0.008589181286549707 0.014944769330734242
0 0.7537463450292398 0.9861923326835608 0.03618421052631579 0.02761533463287849
0 0.24798976608187134 0.2985705003248863 0.017178362573099414 0.03378817413905133
0 0.5057565789473685 0.2839506172839506 0.010782163742690058 0.018193632228719947
0 0.913468567251462 0.43193632228719947 0.019371345029239765 0.03443794671864847
0 0.21262792397660818 0.9783950617283951 0.04258040935672515 0.043209876543209874
0 0.2999817251461988 0.21068875893437297 0.011695906432748537 0.0198180636777128
0 0.4990862573099415 0.2508122157244964 0.009685672514619883 0.01916829109811566
0 0.3379934210526316 0.1650422352176738 0.013706140350877192 0.022092267706302793
0 0.5451388888888888 0.4072449642625081 0.019005847953216373 0.03508771929824561
0 0.5300621345029239 0.2733918128654971 0.00804093567251462 0.016244314489928524
0 0.6248172514619883 0.5173814165042235 0.017178362573099414 0.030539311241065625
0 0.4137426900584795 0.2899610136452242 0.02046783625730994 0.037361923326835605
0 0.3328764619883041 0.349090318388564 0.015533625730994151 0.02631578947368421
0 0.9841922514619883 0.3195256660168941 0.02266081871345029 0.043859649122807015
0 0.43494152046783624 0.2862248213125406 0.009685672514619883 0.01949317738791423
0 0.7875548245614035 0.1343404808317089 0.013706140350877192 0.0198180636777128
0 0.7331871345029239 0.19411955815464588 0.009137426900584795 0.016244314489928524
0 0.8531615497076024 0.21702404158544508 0.020285087719298246 0.03346328784925276
0 0.34265350877192985 0.14262508122157244 0.007492690058479532 0.01397011046133853
0 0.21637426900584794 0.2102014294996751 0.01206140350877193 0.021767381416504222
0 0.705500730994152 0.21507472384665366 0.012426900584795321 0.021767381416504222
0 0.15752923976608188 0.48960363872644574 0.016264619883040937 0.028589993502274202
0 0.021198830409356724 0.6109486679662118 0.0400219298245614 0.06920077972709551
0 0.31140350877192985 0.16244314489928524 0.010782163742690058 0.01916829109811566
0 0.5691703216374269 0.3023066926575699 0.012244152046783625 0.022742040285899934
0 0.7881944444444444 0.2633203378817414 0.01206140350877193 0.021442495126705652
0 0.4650950292397661 0.34421702404158544 0.012609649122807017 0.025341130604288498
0 0.2465277777777778 0.7594217024041585 0.021198830409356724 0.044509421702404156
0 0.6915204678362573 0.6140350877192983 0.019736842105263157 0.029889538661468484
0 0.8979349415204678 0.22823261858349578 0.011330409356725146 0.02111760883690708
0 0.35910087719298245 0.22205977907732294 0.014071637426900584 0.025016244314489927
0 0.24917763157894737 0.1717024041585445 0.01516812865497076 0.02761533463287849
0 0.5795869883040936 0.17560103963612736 0.009137426900584795 0.014944769330734242
0 0.7567616959064327 0.23521767381416503 0.010051169590643274 0.018518518518518517
0 0.6060855263157895 0.31237816764132553 0.015716374269005847 0.025016244314489927
0 0.12463450292397661 0.24236517218973358 0.02284356725146199 0.04678362573099415
0 0.631578947368421 0.4975633528265107 0.009137426900584795 0.016894087069525665
0 0.517452485380117 0.2698180636777128 0.015533625730994151 0.025666016894087068
0 0.5472404970760234 0.33219623131903836 0.008406432748538011 0.014944769330734242
0 0.9073464912280702 0.17657569850552307 0.008406432748538011 0.015269655620532813
0 0.16401681286549707 0.3942495126705653 0.02046783625730994 0.0341130604288499
0 0.2477156432748538 0.8492527615334633 0.030519005847953216 0.051332033788174136
0 0.29577850877192985 0.149772579597141 0.01114766081871345 0.02014294996751137
0 0.8011695906432749 0.15886939571150097 0.013706140350877192 0.02599090318388564
0 0.42315423976608185 0.13840155945419103 0.008589181286549707 0.01364522417153996
0 0.9735014619883041 0.13174139051332034 0.014985380116959063 0.022417153996101363
0 0.9587902046783626 0.22011046133853152 0.017543859649122806 0.023391812865497075
0 0.4375 0.26380766731643923 0.012426900584795321 0.02079272254710851
0 0.9279057017543859 0.23635477582846004 0.012244152046783625 0.024691358024691357
0 0.33168859649122806 0.14831059129304744 0.012792397660818713 0.018843404808317088
0 0.4903143274853801 0.38369070825211177 0.010782163742690058 0.02014294996751137
0 0.8800255847953217 0.42998700454840805 0.0266812865497076 0.038011695906432746
0 0.23538011695906433 0.23862897985705003 0.016812865497076022 0.028265107212475632
0 0.3034539473684211 0.30409356725146197 0.017543859649122806 0.02729044834307992
0 0.19773391812865498 0.6481481481481481 0.023574561403508772 0.04645873944119558
0 0.7438779239766082 0.17153996101364521 0.011513157894736841 0.018193632228719947
0 0.4385051169590643 0.15513320337881742 0.010964912280701754 0.017218973359324236
0 0.6365131578947368 0.33869395711500977 0.021747076023391813 0.030864197530864196
0 0.5433114035087719 0.36907082521117607 0.008589181286549707 0.014944769330734242
0 0.4385051169590643 0.4472059779077323 0.01663011695906433 0.029239766081871343
0 0.5585709064327485 0.1928200129954516 0.011330409356725146 0.01916829109811566
0 0.8902595029239766 0.14587394411955815 0.015533625730994151 0.02631578947368421
0 0.4276315789473684 0.2540610786224821 0.010416666666666666 0.01916829109811566
0 0.2701937134502924 0.3586744639376218 0.014619883040935672 0.025341130604288498
0 0.14208698830409358 0.23586744639376217 0.019371345029239765 0.03508771929824561
0 0.6061769005847953 0.8352826510721247 0.01425438596491228 0.028589993502274202
0 0.24936038011695907 0.3237491877842755 0.022112573099415205 0.03508771929824561
0 0.37317251461988304 0.34454191033138404 0.014619883040935672 0.024691358024691357
0 0.9923245614035088 0.43226120857699807 0.01516812865497076 0.02664067576348278
0 0.9196820175438597 0.28784925276153345 0.019919590643274854 0.03378817413905133
0 0.6202485380116959 0.615009746588694 0.017909356725146198 0.03183885640025991
0 0.9829130116959064 0.2214100064977258 0.012244152046783625 0.02111760883690708
0 0.3845029239766082 0.2166991552956465 0.008406432748538011 0.014944769330734242
0 0.6788194444444444 0.21377517868745938 0.010782163742690058 0.018843404808317088
0 0.17763157894736842 0.14067576348278102 0.010051169590643274 0.018843404808317088
0 0.3215460526315789 0.19330734243014944 0.008589181286549707 0.015269655620532813
0 0.649671052631579 0.148635477582846 0.009685672514619883 0.015594541910331383
0 0.5502558479532164 0.17738791423001948 0.00932017543859649 0.016894087069525665
0 0.5469663742690059 0.9871669915529565 0.03764619883040936 0.025666016894087068
0 0.5983187134502924 0.37930474333983105 0.011695906432748537 0.021767381416504222
0 0.6125730994152047 0.08528265107212475 0.010416666666666666 0.01949317738791423
0 0.6430921052631579 0.142949967511371 0.01608187134502924 0.02664067576348278
0 0.5741045321637427 0.1937946718648473 0.014437134502923976 0.021767381416504222
0 0.879203216374269 0.12638076673164392 0.015716374269005847 0.025341130604288498
0 0.5381944444444444 0.3336582196231319 0.009137426900584795 0.014944769330734242
0 0.32666301169590645 0.2212475633528265 0.008954678362573099 0.017218973359324236
0 0.6106542397660819 0.17820012995451592 0.01023391812865497 0.017543859649122806
0 0.9388706140350878 0.13905133203378817 0.011513157894736841 0.021442495126705652
0 0.7467105263157895 0.7452891487979207 0.030153508771929825 0.05328135152696556
0 0.3916301169590643 0.2092267706302794 0.00932017543859649 0.017218973359324236
0 0.6318530701754386 0.30165692007797273 0.014619883040935672 0.022417153996101363
0 0.5161732456140351 0.2867121507472385 0.009868421052631578 0.018518518518518517
0 0.2139985380116959 0.18226120857699804 0.012244152046783625 0.023066926575698504
0 0.690515350877193 0.14018843404808318 0.00804093567251462 0.014294996751137101
0 0.25959429824561403 0.07878492527615334 0.006578947368421052 0.011695906432748537
0 0.9395102339181286 0.15562053281351526 0.009868421052631578 0.016894087069525665
0 0.5566520467836257 0.24593892137751786 0.01023391812865497 0.0198180636777128
0 0.38514254385964913 0.32456140350877194 0.009868421052631578 0.017868745938921377
0 0.49780701754385964 0.29109811565951915 0.010599415204678362 0.02014294996751137
0 0.918859649122807 0.30864197530864196 0.013888888888888888 0.022417153996101363
0 0.5455957602339181 0.2802144249512671 0.016812865497076022 0.028589993502274202
0 0.8169773391812866 0.18096166341780376 0.019371345029239765 0.04256010396361273
0 0.2540204678362573 0.3403183885640026 0.01644736842105263 0.028914879792072773
0 0.6678545321637427 0.22530864197530864 0.015350877192982455 0.02599090318388564
0 0.49159356725146197 0.22807017543859648 0.010782163742690058 0.01949317738791423
0 0.8802997076023392 0.16617933723196882 0.008589181286549707 0.016244314489928524
0 0.6395285087719298 0.16439246263807666 0.010051169590643274 0.018518518518518517
0 0.3784722222222222 0.2678687459389214 0.012792397660818713 0.023066926575698504
0 0.1514985380116959 0.2753411306042885 0.019005847953216373 0.02664067576348278
0 0.7953216374269005 0.25422352176738144 0.015350877192982455 0.02599090318388564
0 0.6427266081871345 0.20532813515269654 0.01023391812865497 0.017543859649122806
0 0.4232456140350877 0.2756660168940871 0.014071637426900584 0.022417153996101363
0 0.9648209064327485 0.5818713450292398 0.023757309941520467 0.03833658219623132
0 0.011056286549707603 0.616146848602989 0.022112573099415205 0.05880441845354126
0 0.7046783625730995 0.5417478882391163 0.02631578947368421 0.05360623781676413
0 0.6282894736842105 0.33560753736192334 0.011513157894736841 0.024691358024691357
0 0.5476973684210527 0.24480181936322287 0.01516812865497076 0.02729044834307992
0 0.41109283625730997 0.21718648473034438 0.017726608187134504 0.029889538661468484
0 0.4087171052631579 0.1760883690708252 0.00804093567251462 0.015594541910331383
0 0.5155336257309941 0.6791747888239116 0.028143274853801168 0.05295646523716699
0 0.20970394736842105 0.27176738141650425 0.01882309941520468 0.031189083820662766
0 0.6206140350877193 0.3338206627680312 0.011695906432748537 0.024691358024691357
0 0.29413377192982454 0.19217024041585445 0.01663011695906433 0.03281351526965562
0 0.5359100877192983 0.5640025990903184 0.023026315789473683 0.04256010396361273
0 0.5382858187134503 0.35428849902534115 0.006396198830409356 0.012345679012345678
0 0.48985745614035087 0.37150747238466536 0.009685672514619883 0.017543859649122806
0 0.6494883040935673 0.07959714100064977 0.010782163742690058 0.02599090318388564
0 0.7989766081871345 0.23635477582846004 0.012609649122807017 0.018843404808317088
0 0.6758954678362573 0.099090318388564 0.012244152046783625 0.02079272254710851
0 0.9431652046783626 0.2202729044834308 0.017361111111111112 0.02794022092267706
0 0.5307931286549707 0.30653021442495126 0.010416666666666666 0.01916829109811566
0 0.4438048245614035 0.3281351526965562 0.013523391812865496 0.022417153996101363
0 0.667671783625731 0.09925276153346328 0.008223684210526315 0.014294996751137101
0 0.9287280701754386 0.16861598440545808 0.00932017543859649 0.015594541910331383
0 0.005208333333333333 0.5190058479532164 0.010416666666666666 0.05263157894736842
0 0.17772295321637427 0.32943469785575047 0.020833333333333332 0.0341130604288499
0 0.5254020467836257 0.2987329434697856 0.010782163742690058 0.024041585445094216
0 0.6031615497076024 0.10883690708252111 0.010599415204678362 0.016569200779727095
0 0.12801535087719298 0.2551981806367771 0.015899122807017545 0.02729044834307992
0 0.7849049707602339 0.1166341780376868 0.010416666666666666 0.016569200779727095
0 0.727796052631579 0.5487329434697856 0.014619883040935672 0.025016244314489927
0 0.5666118421052632 0.3217998700454841 0.00804093567251462 0.015919428200129954
0 0.4602521929824561 0.5566926575698505 0.013706140350877192 0.022417153996101363
0 0.7334612573099415 0.24171539961013644 0.013706140350877192 0.025341130604288498
0 0.4830043859649123 0.41926575698505525 0.02320906432748538 0.04191033138401559
0 0.5088633040935673 0.24691358024691357 0.010051169590643274 0.02079272254710851
0 0.3838633040935672 0.16439246263807666 0.008589181286549707 0.015594541910331383
0 0.795047514619883 0.5683885640025991 0.014619883040935672 0.02631578947368421
0 0.8591922514619883 0.2899610136452242 0.014619883040935672 0.023716699155295645
0 0.14281798245614036 0.20873944119558155 0.014985380116959063 0.024366471734892786
0 0.37317251461988304 0.23424301494476932 0.008771929824561403 0.016569200779727095
0 0.4187682748538012 0.2993827160493827 0.011330409356725146 0.022742040285899934
0 0.5630482456140351 0.17202729044834308 0.009502923976608187 0.01949317738791423
0 0.5625913742690059 0.09844054580896686 0.009502923976608187 0.014619883040935672
0 0.26781798245614036 0.23391812865497075 0.011695906432748537 0.01949317738791423
0 0.11385233918128655 0.20224171539961014 0.015350877192982455 0.02014294996751137
0 0.6254568713450293 0.1145224171539961 0.009502923976608187 0.016894087069525665
0 0.7356542397660819 0.5596166341780376 0.02850877192982456 0.05165692007797271
0 0.8211805555555556 0.2365172189733593 0.01644736842105263 0.02794022092267706
0 0.6251827485380117 0.14083820662768032 0.01699561403508772 0.02079272254710851
0 0.5862573099415205 0.11679662118258609 0.008589181286549707 0.014619883040935672
0 0.8369883040935673 0.19558154645873943 0.009868421052631578 0.017868745938921377
0 0.5898209064327485 0.1717024041585445 0.005482456140350877 0.012020792722547108
0 0.5497076023391813 0.11679662118258609 0.008589181286549707 0.01332033788174139
0 0.9244334795321637 0.3994476933073424 0.021929824561403508 0.038011695906432746
0 0.7948647660818714 0.18762183235867447 0.010782163742690058 0.01949317738791423
0 0.2692799707602339 0.21702404158544508 0.01114766081871345 0.018843404808317088
0 0.7412280701754386 0.2092267706302794 0.013888888888888888 0.024691358024691357
0 0.6197916666666666 0.23911630929174787 0.01918859649122807 0.030539311241065625
0 0.4766995614035088 0.20662768031189083 0.011330409356725146 0.021442495126705652
0 0.18951023391812866 0.17495126705653022 0.009868421052631578 0.016569200779727095
0 0.42635233918128657 0.17673814165042234 0.008771929824561403 0.017543859649122806
0 0.9131030701754386 0.1881091617933723 0.009868421052631578 0.016894087069525665
0 0.358187134502924 0.5487329434697856 0.02503654970760234 0.03866146848602989
0 0.9528508771929824 0.4142300194931774 0.01516812865497076 0.029564652371669914
0 0.660453216374269 0.1562703053931124 0.010599415204678362 0.018193632228719947
0 0.8904422514619883 0.16715399610136453 0.009137426900584795 0.014944769330734242
0 0.48483187134502925 0.3273229369720598 0.014802631578947368 0.02664067576348278
0 0.6286549707602339 0.24252761533463288 0.00932017543859649 0.016894087069525665
0 0.7238669590643275 0.22888239116309292 0.015533625730994151 0.02729044834307992
0 0.2303545321637427 0.21280051981806367 0.013523391812865496 0.022417153996101363
0 0.2621527777777778 0.2951591942820013 0.015899122807017545 0.02729044834307992
0 0.5472404970760234 0.12979207277452892 0.012609649122807017 0.018843404808317088
0 0.1585343567251462 0.19996751137102015 0.01827485380116959 0.031189083820662766
0 0.31697733918128657 0.18144899285250163 0.01114766081871345 0.021767381416504222
0 0.9487390350877193 0.1288174139051332 0.010599415204678362 0.018843404808317088
0 0.7859100877192983 0.16163092917478883 0.00932017543859649 0.016894087069525665
0 0.6539656432748538 0.20857699805068225 0.021747076023391813 0.03216374269005848
0 0.5614035087719298 0.11695906432748537 0.009502923976608187 0.014944769330734242
0 0.15917397660818713 0.20419103313840156 0.012975146198830409 0.0198180636777128
0 0.5947551169590644 0.30701754385964913 0.008771929824561403 0.017218973359324236
0 0.02320906432748538 0.4930149447693307 0.02412280701754386 0.03443794671864847
0 0.6341374269005848 0.18437296946068876 0.00804093567251462 0.014294996751137101
0 0.33086622807017546 0.36630929174788823 0.01425438596491228 0.02599090318388564
0 0.24780701754385964 0.17007797270955166 0.008771929824561403 0.01949317738791423
0 0.24168494152046785 0.1684535412605588 0.009137426900584795 0.02014294996751137
0 0.5764802631578947 0.3419428200129955 0.009137426900584795 0.016569200779727095
0 0.5645102339181286 0.2850877192982456 0.01206140350877193 0.023716699155295645
0 0.3669590643274854 0.3248862897985705 0.015350877192982455 0.025341130604288498
0 0.5474232456140351 0.41325536062378165 0.013523391812865496 0.02014294996751137
0 0.9189510233918129 0.20873944119558155 0.014802631578947368 0.025666016894087068
0 0.13249269005847952 0.13693957115009747 0.010599415204678362 0.017218973359324236
0 0.5214729532163743 0.5107212475633528 0.023940058479532164 0.03508771929824561
0 0.8689692982456141 0.7415529564652371 0.022478070175438597 0.042884990253411304
0 0.005391081871345029 0.2733918128654971 0.010782163742690058 0.04580896686159844
0 0.30893640350877194 0.24723846653671214 0.010416666666666666 0.02111760883690708
0 0.9030519005847953 0.13726445743989604 0.008589181286549707 0.014619883040935672
0 0.6041666666666666 0.15805717998700455 0.010782163742690058 0.017868745938921377
0 0.7108004385964912 0.9861923326835608 0.03307748538011696 0.02761533463287849
0 0.546875 0.10266406757634827 0.007675438596491228 0.01299545159194282
0 0.3117690058479532 0.8414554905782976 0.030519005847953216 0.05555555555555555
0 0.6183296783625731 0.15805717998700455 0.009137426900584795 0.014294996751137101
0 0.8910818713450293 0.25633528265107214 0.010782163742690058 0.0198180636777128
0 0.7192982456140351 0.18778427550357374 0.0133406432748538 0.02046783625730994
0 0.20376461988304093 0.21881091617933723 0.011513157894736841 0.02111760883690708
0 0.2833516081871345 0.15594541910331383 0.012609649122807017 0.025016244314489927
0 0.44864766081871343 0.155458089668616 0.01023391812865497 0.016244314489928524
0 0.8866959064327485 0.2599090318388564 0.01827485380116959 0.02761533463287849
0 0.9008589181286549 0.19736842105263158 0.011695906432748537 0.018193632228719947
0 0.9778874269005848 0.26575698505523065 0.016812865497076022 0.02631578947368421
0 0.3300438596491228 0.4251137102014295 0.02138157894736842 0.028914879792072773
0 0.07474415204678363 0.5924301494476933 0.021198830409356724 0.03378817413905133
0 0.9251644736842105 0.14944769330734242 0.010964912280701754 0.01949317738791423
0 0.474141081871345 0.23749187784275502 0.02266081871345029 0.043209876543209874
0 0.08187134502923976 0.21280051981806367 0.012792397660818713 0.023391812865497075
0 0.394828216374269 0.1640675763482781 0.01023391812865497 0.016244314489928524
0 0.9640899122807017 0.19801819363222872 0.019005847953216373 0.028914879792072773
0 0.29385964912280704 0.19883040935672514 0.01023391812865497 0.017543859649122806
0 0.34365862573099415 0.4548408057179987 0.011513157894736841 0.021767381416504222
0 0.9822733918128655 0.15042235217673813 0.021747076023391813 0.03541260558804418
0 0.5201937134502924 0.13791423001949318 0.014071637426900584 0.021767381416504222
0 0.1522295321637427 0.9926900584795322 0.02320906432748538 0.014619883040935672
0 0.29678362573099415 0.27355425601039635 0.017178362573099414 0.030539311241065625
0 0.680921052631579 0.15594541910331383 0.012426900584795321 0.02079272254710851
0 0.4909539473684211 0.2102014294996751 0.011513157894736841 0.016894087069525665
0 0.4878472222222222 0.43680961663417806 0.02448830409356725 0.043209876543209874
0 0.37582236842105265 0.37069525666016895 0.010416666666666666 0.018843404808317088
0 0.9533991228070176 0.193632228719948 0.008406432748538011 0.014294996751137101
0 0.6430921052631579 0.17820012995451592 0.01206140350877193 0.016569200779727095
0 0.7646198830409356 0.2540610786224821 0.014619883040935672 0.022092267706302793
0 0.3430190058479532 0.18762183235867447 0.01023391812865497 0.018518518518518517
0 0.3797514619883041 0.15562053281351526 0.007492690058479532 0.012345679012345678
0 0.3963815789473684 0.14879792072774528 0.012609649122807017 0.0198180636777128
0 0.3005299707602339 0.23196881091617932 0.011513157894736841 0.02079272254710851
0 0.6011513157894737 0.3910006497725796 0.01114766081871345 0.01949317738791423
0 0.90140716374269 0.6098115659519169 0.016264619883040937 0.036712150747238464
0 0.6631030701754386 0.40594541910331383 0.013157894736842105 0.025016244314489927
0 0.28554459064327486 0.28151397011046136 0.01516812865497076 0.021442495126705652
0 0.35873538011695905 0.2292072774528915 0.008406432748538011 0.014619883040935672
0 0.8908077485380117 0.1825860948667966 0.009868421052631578 0.018518518518518517
0 0.9582419590643275 0.23862897985705003 0.014802631578947368 0.023716699155295645
0 0.4696637426900585 0.19022092267706303 0.008406432748538011 0.01397011046133853
0 0.5416666666666666 0.400909681611436 0.012792397660818713 0.025016244314489927
0 0.7438779239766082 0.22953216374269006 0.013888888888888888 0.022417153996101363
0 0.17991593567251463 0.4199155295646524 0.021929824561403508 0.036712150747238464
0 0.3721673976608187 0.40789473684210525 0.018092105263157895 0.03541260558804418
0 0.8663194444444444 0.1366146848602989 0.011878654970760233 0.0198180636777128
0 0.9131030701754386 0.1286549707602339 0.014071637426900584 0.02599090318388564
0 0.4470029239766082 0.24496426250812214 0.008406432748538011 0.016569200779727095
0 0.12637061403508773 0.28476283300844707 0.012244152046783625 0.0198180636777128
0 0.658077485380117 0.2134502923976608 0.014437134502923976 0.02079272254710851
0 0.00941154970760234 0.30165692007797273 0.015533625730994151 0.02794022092267706
0 0.3199926900584795 0.21881091617933723 0.007492690058479532 0.01397011046133853
0 0.6749817251461988 0.7326185834957765 0.02046783625730994 0.03541260558804418
0 0.03892543859649123 0.5656270305393113 0.02887426900584795 0.04710851202079272
0 0.9397843567251462 0.2516244314489929 0.011513157894736841 0.01949317738791423
0 0.6481176900584795 0.3973359324236517 0.015716374269005847 0.028914879792072773
0 0.0891812865497076 0.03037686809616634 0.09667397660818713 0.06075373619233268
0 0.6577119883040936 0.07553606237816764 0.01206140350877193 0.01949317738791423
0 0.5412097953216374 0.3216374269005848 0.011513157894736841 0.018518518518518517
0 0.19307383040935672 0.22417153996101363 0.01114766081871345 0.01949317738791423
0 0.12070540935672515 0.3001949317738791 0.012426900584795321 0.01916829109811566
0 0.6696820175438597 0.07407407407407407 0.012609649122807017 0.023066926575698504
0 0.6799159356725146 0.06546458739441195 0.008223684210526315 0.012345679012345678
0 0.6917945906432749 0.197043534762833 0.01023391812865497 0.015919428200129954
0 0.4796235380116959 0.25601039636127354 0.018092105263157895 0.03216374269005848
0 0.6639254385964912 0.38580246913580246 0.018457602339181287 0.030214424951267055
0 0.4315606725146199 0.6539961013645225 0.023940058479532164 0.04061078622482131
0 0.4639985380116959 0.21994801819363222 0.012426900584795321 0.021442495126705652
0 0.47953216374269003 0.2301819363222872 0.01114766081871345 0.021442495126705652
0 0.8318713450292398 0.1762508122157245 0.018092105263157895 0.02794022092267706
0 0.7026681286549707 0.5511695906432749 0.019736842105263157 0.0341130604288499
0 0.5682565789473685 0.2789148797920728 0.02101608187134503 0.038011695906432746
0 0.4609831871345029 0.5618908382066277 0.01699561403508772 0.03931124106562703
0 0.4910453216374269 0.18551007147498375 0.00932017543859649 0.017218973359324236
0 0.3769188596491228 0.18421052631578946 0.011695906432748537 0.023066926575698504
0 0.5809576023391813 0.21507472384665366 0.0062134502923976605 0.017218973359324236
0 0.7474415204678363 0.5391487979207278 0.012792397660818713 0.023066926575698504
0 0.8909904970760234 0.4342105263157895 0.014437134502923976 0.02729044834307992
0 0.32556652046783624 0.1200454840805718 0.006030701754385965 0.012020792722547108
0 0.005025584795321637 0.6613060428849903 0.010051169590643274 0.06237816764132553
0 0.9601608187134503 0.3001949317738791 0.01699561403508772 0.02664067576348278
0 0.6596308479532164 0.10412605588044184 0.01206140350877193 0.022417153996101363
0 0.9785270467836257 0.403183885640026 0.011330409356725146 0.02014294996751137
0 0.8348866959064327 0.25227420402859 0.016264619883040937 0.025666016894087068
0 0.8474963450292398 0.3050682261208577 0.01663011695906433 0.03216374269005848
0 0.42489035087719296 0.23050682261208577 0.008954678362573099 0.015594541910331383
0 0.40387426900584794 0.34827810266406756 0.012792397660818713 0.023066926575698504
0 0.18987573099415206 0.46994801819363224 0.014619883040935672 0.024366471734892786
0 0.4824561403508772 0.2821637426900585 0.010416666666666666 0.024041585445094216
0 0.9094480994152047 0.37150747238466536 0.02850877192982456 0.04873294346978557
0 0.7092470760233918 0.23489278752436646 0.01114766081871345 0.02079272254710851
0 0.10069444444444445 0.1154970760233918 0.015350877192982455 0.03931124106562703
0 0.5956688596491229 0.4044834307992203 0.007309941520467836 0.014944769330734242
0 0.3298611111111111 0.1882716049382716 0.010964912280701754 0.022742040285899934
0 0.5361842105263158 0.16309291747888238 0.009137426900584795 0.015594541910331383
0 0.014528508771929825 0.5630279402209227 0.023757309941520467 0.04093567251461988
0 0.35508040935672514 0.14359974009096815 0.009685672514619883 0.017868745938921377