0 0.49296418128654973 0.18697205977907733 0.0268640350877193 0.04743339831059129
0 0.42196637426900585 0.2969460688758934 0.02722953216374269 0.04938271604938271
0 0.45723684210526316 0.7982456140350878 0.02942251461988304 0.05165692007797271
0 0.8929093567251462 0.3937621832358674 0.0537280701754386 0.096816114359974
0 0.29769736842105265 0.21393762183235868 0.02887426900584795 0.05230669265756985
0 0.302266081871345 0.46068875893437294 0.03070175438596491 0.05458089668615984
0 0.3846856725146199 0.45159194282001297 0.028326023391812866 0.050357374918778425
0 0.8404605263157895 0.3526640675763483 0.031067251461988302 0.056530214424951264
0 0.540296052631579 0.5339506172839507 0.023574561403508772 0.04223521767381416
0 0.6512244152046783 0.7566601689408707 0.020833333333333332 0.03541260558804418
0 0.7413194444444444 0.8031189083820662 0.030884502923976608 0.05490578297595841
0 0.747624269005848 0.7672189733593242 0.03490497076023392 0.06172839506172839
0 0.32108918128654973 0.8024691358024691 0.023757309941520467 0.04126055880441845
0 0.49415204678362573 0.7071150097465887 0.03252923976608187 0.06335282651072124
0 0.609375 0.7262833008447044 0.030519005847953216 0.050682261208576995
0 0.4796235380116959 0.48066926575698504 0.024305555555555556 0.042884990253411304
0 0.33050073099415206 0.8349577647823262 0.030884502923976608 0.05523066926575698
0 0.2101608187134503 0.9088693957115009 0.02540204678362573 0.04256010396361273
0 0.266812865497076 0.631578947368421 0.02320906432748538 0.04061078622482131
0 0.6495796783625731 0.20289148797920728 0.03326023391812866 0.057829759584145546
0 0.5071271929824561 0.8461663417803769 0.02448830409356725 0.04710851202079272
0 0.7413194444444444 0.43859649122807015 0.034173976608187134 0.057179987004548405
0 0.4211440058479532 0.8169265756985056 0.031432748538011694 0.057179987004548405
0 0.8045504385964912 0.27306692657569853 0.0360014619883041 0.06107862248213125
0 0.6645650584795322 0.6133853151397011 0.025950292397660817 0.04873294346978557
0 0.983735380116959 0.03833658219623132 0.02850877192982456 0.05230669265756985
0 0.6244353070175438 0.2064294996751137 0.024195906432748538 0.05921377517868746
0 0.8139619883040936 0.4074074074074074 0.026498538011695907 0.04743339831059129
0 0.2150950292397661 0.8222871994801819 0.027777777777777776 0.04808317089018843
0 0.19508406432748537 0.8375568551007148 0.019919590643274854 0.037686809616634176
0 0.3951937134502924 0.47725795971410007 0.024671052631578948 0.043859649122807015
0 0.6074561403508771 0.4218648473034438 0.023940058479532164 0.04256010396361273
0 0.8460343567251462 0.4317738791423002 0.04111842105263158 0.06985055230669265
0 0.28207236842105265 0.642949967511371 0.020650584795321638 0.04028589993502274
0 0.5959429824561403 0.2537361923326836 0.024671052631578948 0.043209876543209874
0 0.4609831871345029 0.16374269005847952 0.030884502923976608 0.05620532813515269
0 0.7735745614035088 0.30571799870045485 0.025767543859649123 0.04808317089018843
0 0.0268640350877193 0.6294671864847303 0.02448830409356725 0.03476283300844704
0 0.47076023391812866 0.246588693957115 0.027777777777777776 0.04775828460038986
0 0.18914473684210525 0.8711825860948668 0.02101608187134503 0.036062378167641324
0 0.020741959064327485 0.5038986354775828 0.024671052631578948 0.030214424951267055
0 0.17059576023391812 0.7115009746588694 0.017909356725146198 0.02729044834307992
0 0.6546052631578947 0.4644249512670565 0.03252923976608187 0.05425601039636127
0 0.6071326754385965 0.8735152696556204 0.020442251461988303 0.042043534762833006
0 0.5608552631578947 0.5456465237166992 0.025219298245614034 0.043534762833008445
0 0.6637426900584795 0.4449317738791423 0.024305555555555556 0.04061078622482131
0 0.9230628654970761 0.2103638726445744 0.03673245614035088 0.06465237166991553
0 0.07236842105263158 0.6278427550357375 0.0266812865497076 0.044509421702404156
0 0.6008771929824561 0.39522417153996103 0.020285087719298246 0.03898635477582846
0 0.2303545321637427 0.9304743339831059 0.024671052631578948 0.04158544509421702
0 0.426078216374269 0.9764457439896036 0.029788011695906433 0.04710851202079272
0 0.2320906432748538 0.9652371669915529 0.028143274853801168 0.04548408057179987
0 0.30308845029239767 0.42137751786874594 0.03527046783625731 0.0627030539311241
0 0.38422880116959063 0.1410006497725796 0.02266081871345029 0.0396361273554256
0 0.8035453216374269 0.36744639376218324 0.02503654970760234 0.043209876543209874
0 0.5561038011695907 0.8451916829109811 0.02722953216374269 0.049707602339181284
0 0.7143640350877193 0.8081546458739441 0.024305555555555556 0.04093567251461988
0 0.5872624269005848 0.30003248862897985 0.02010233918128655 0.0341130604288499
0 0.16858552631578946 0.6931448992852501 0.019919590643274854 0.025666016894087068
0 0.7718384502923976 0.2277452891487979 0.028326023391812866 0.0451591942820013
0 0.440126096491228 0.2830929174788824 0.02289108187134503 0.033697205977907735
0 0.12682748538011696 0.453866146848603 0.024305555555555556 0.04191033138401559
0 0.23300438596491227 0.8045808966861598 0.027046783625730993 0.04580896686159844
0 0.5359100877192983 0.2586094866796621 0.0268640350877193 0.04256010396361273
0 0.24250730994152048 0.9411955815464588 0.015716374269005847 0.029889538661468484
0 0.391812865497076 0.4140675763482781 0.017178362573099414 0.028265107212475632
0 0.26516812865497075 0.8386939571150097 0.029239766081871343 0.05295646523716699
0 0.5541849415204678 0.4987004548408057 0.027777777777777776 0.050032488628979854
0 0.15323464912280702 0.8541260558804419 0.021929824561403508 0.037037037037037035
0 0.37929459064327486 0.5216049382716049 0.038011695906432746 0.07309941520467836
0 0.05281432748538012 0.639538661468486 0.025584795321637425 0.04873294346978557
0 0.4596125730994152 0.0792722547108512 0.03399122807017544 0.05880441845354126
0 0.8050986842105263 0.10526315789473684 0.04239766081871345 0.07537361923326835
0 0.45879020467836257 0.03687459389213775 0.02887426900584795 0.04873294346978557
0 0.5736476608187134 0.21101364522417154 0.021564327485380116 0.04223521767381416
0 0.40597587719298245 0.2300194931773879 0.020833333333333332 0.036062378167641324
0 0.5337171052631579 0.09324236517218973 0.02412280701754386 0.04256010396361273
0 0.4812682748538012 0.0627030539311241 0.02284356725146199 0.04028589993502274
0 0.6358735380116959 0.36306042884990253 0.025950292397660817 0.043534762833008445
0 0.5700840643274854 0.8190383365821963 0.03070175438596491 0.056530214424951264
0 0.32227704678362573 0.7628330084470435 0.03673245614035088 0.06725146198830409
0 0.1286549707602339 0.5651397011046134 0.028691520467836257 0.04678362573099415
0 0.37298976608187134 0.025666016894087068 0.030519005847953216 0.051332033788174136
0 0.21975511695906433 0.10168940870695256 0.019919590643274854 0.029239766081871343
0 0.4765168128654971 0.2743664717348928 0.019919590643274854 0.03866146848602989
0 0.4984466374269006 0.603638726445744 0.03289473684210526 0.05588044184535412
0 0.5837902046783626 0.9803443794671864 0.015533625730994151 0.02631578947368421
0 0.5547331871345029 0.774528914879792 0.03490497076023392 0.06205328135152696
0 0.140625 0.6270305393112411 0.024305555555555556 0.04061078622482131
0 0.8135964912280702 0.3153021442495127 0.02942251461988304 0.051007147498375566
0 0.32191154970760233 0.6359649122807017 0.044042397660818716 0.07732293697205977
0 0.5252192982456141 0.8523391812865497 0.024853801169590642 0.048408057179987
0 0.18823099415204678 0.2599090318388564 0.02540204678362573 0.04093567251461988
0 0.7184758771929824 0.8710201429499675 0.025950292397660817 0.04678362573099415
0 0.6330793128654971 0.2766406757634828 0.026964546783625733 0.04658544509421702
0 0.1558845029239766 0.7714424951267057 0.019371345029239765 0.02761533463287849
0 0.4258954678362573 0.025341130604288498 0.01864035087719298 0.03573749187784275
0 0.647843567251462 0.5773229369720598 0.02284356725146199 0.03996101364522417
0 0.6612335526315789 0.8760363872644574 0.02570358187134503 0.044593892137751785
0 0.5183662280701754 0.7033788174139052 0.012426900584795321 0.022092267706302793
0 0.31012426900584794 0.17251461988304093 0.019919590643274854 0.031189083820662766
0 0.3549890350877193 0.8239116309291747 0.03216374269005848 0.0594541910331384
0 0.7754934210526315 0.7423651721897336 0.02540204678362573 0.04775828460038986
0 0.027320906432748537 0.7776153346328785 0.022478070175438597 0.0341130604288499
0 0.7372076023391813 0.5342755035737492 0.028326023391812866 0.051332033788174136
0 0.7256030701754386 0.9114684860298895 0.017178362573099414 0.029564652371669914
0 0.3496893274853801 0.06546458739441195 0.026498538011695907 0.04775828460038986
0 0.5319809941520468 0.9655620532813515 0.023391812865497075 0.03996101364522417
0 0.41154970760233917 0.8664717348927875 0.0356359649122807 0.06075373619233268
0 0.8477704678362573 0.08024691358024691 0.03453947368421053 0.06042884990253411
0 0.3421966374269006 0.5875568551007148 0.038559941520467836 0.07017543859649122
0 0.4611659356725146 0.960688758934373 0.021929824561403508 0.036387264457439894
0 0.7844480994152047 0.8869395711500975 0.022112573099415205 0.03931124106562703
0 0.10316154970760234 0.4174788823911631 0.0402046783625731 0.05977907732293697
0 0.9304641812865497 0.05799220272904483 0.030153508771929825 0.05263157894736842
0 0.5106907894736842 0.5513320337881742 0.020650584795321638 0.038011695906432746
0 0.26206140350877194 0.3659844054580897 0.02412280701754386 0.04580896686159844
0 0.5021929824561403 0.7602339181286549 0.02046783625730994 0.03833658219623132
0 0.7499086257309941 0.8404808317089019 0.033808479532163746 0.06010396361273554
0 0.6980080409356725 0.8464912280701754 0.03545321637426901 0.06790123456790123
0 0.44435307017543857 0.46539961013645226 0.023757309941520467 0.042884990253411304
0 0.2808845029239766 0.06855100714749837 0.028143274853801168 0.051007147498375566
0 0.6567982456140351 0.13044184535412606 0.01918859649122807 0.031189083820662766
0 0.7429641812865497 0.36955815464587394 0.033625730994152045 0.05523066926575698
0 0.7503654970760234 0.8924626380766731 0.03874269005847953 0.06757634827810266
0 0.15597587719298245 0.9256010396361274 0.02138157894736842 0.037686809616634176
0 0.8198099415204678 0.6112735542560104 0.0356359649122807 0.06920077972709551
0 0.282531067251462 0.17033463287849251 0.020710891812865496 0.03409356725146199
0 0.5815058479532164 0.11176088369070825 0.02503654970760234 0.04223521767381416
0 0.8123172514619883 0.22888239116309292 0.0268640350877193 0.04580896686159844
0 0.8548062865497076 0.13499025341130605 0.04075292397660819 0.06985055230669265
0 0.298062865497076 0.08723196881091617 0.022112573099415205 0.042884990253411304
0 0.4534904970760234 0.5992527615334633 0.03435672514619883 0.06172839506172839
0 0.49607090643274854 0.4962638076673164 0.02850877192982456 0.05165692007797271
0 0.40095029239766083 0.4241390513320338 0.015350877192982455 0.02729044834307992
0 0.6297532894736843 0.11075373619233268 0.023795687134502926 0.048203378817413906
0 0.16721491228070176 0.4832683560753736 0.03125 0.05620532813515269
0 0.3090277777777778 0.06871345029239766 0.024853801169590642 0.03931124106562703
0 0.23391812865497075 0.7748538011695907 0.02503654970760234 0.043534762833008445
0 0.6978252923976608 0.40220922677063026 0.03399122807017544 0.06075373619233268
0 0.843110380116959 0.3854775828460039 0.02540204678362573 0.044184535412605586
0 0.17616959064327486 0.6778752436647173 0.018457602339181287 0.02696556205328135
0 0.3404605263157895 0.5326510721247564 0.025767543859649123 0.04548408057179987
0 0.044956140350877194 0.717511371020143 0.03527046783625731 0.0627030539311241
0 0.564327485380117 0.6832358674463938 0.023026315789473683 0.04093567251461988
0 0.9341191520467836 0.1166341780376868 0.04623538011695907 0.07764782326185835
0 0.42141812865497075 0.9049707602339181 0.02905701754385965 0.04613385315139701
0 0.23410087719298245 0.894087069525666 0.023757309941520467 0.04743339831059129
0 0.5764802631578947 0.25 0.02266081871345029 0.04483430799220273
0 0.7789656432748538 0.08674463937621832 0.017543859649122806 0.02631578947368421
0 0.5863486842105263 0.5154320987654321 0.014437134502923976 0.02794022092267706
0 0.9662828947368421 0.21994801819363222 0.03709795321637427 0.06400259909031839
0 0.4399671052631579 0.3195256660168941 0.023757309941520467 0.03996101364522417
0 0.5465095029239766 0.2301819363222872 0.030153508771929825 0.05165692007797271
0 0.7010233918128655 0.8970110461338532 0.031067251461988302 0.057504873294346975
0 0.2760416666666667 0.8778427550357375 0.029605263157894735 0.05198180636777128
0 0.712171052631579 0.8354450942170241 0.023026315789473683 0.04061078622482131
0 0.011421783625730994 0.5258284600389863 0.02101608187134503 0.02729044834307992
0 0.28152412280701755 0.2166991552956465 0.017543859649122806 0.030864197530864196
0 0.9888523391812866 0.1530214424951267 0.022112573099415205 0.04580896686159844
0 0.012883771929824562 0.3291098115659519 0.024853801169590642 0.03866146848602989
0 0.39610745614035087 0.9080571799870045 0.025219298245614034 0.04873294346978557
0 0.46034356725146197 0.8957115009746589 0.02631578947368421 0.042884990253411304
0 0.498812134502924 0.3887264457439896 0.025219298245614034 0.044509421702404156
0 0.8847770467836257 0.3292722547108512 0.031980994152046784 0.05555555555555555
0 0.1996527777777778 0.48408057179987 0.03179824561403509 0.05295646523716699
0 0.6679459064327485 0.5557179987004548 0.014619883040935672 0.024691358024691357
0 0.12929459064327486 0.0714749837556855 0.028691520467836257 0.05165692007797271
0 0.7005665204678363 0.053443794671864844 0.01663011695906433 0.029889538661468484
0 0.6567068713450293 0.9394087069525666 0.022112573099415205 0.044509421702404156
0 0.5012792397660819 0.6358024691358025 0.024671052631578948 0.044509421702404156
0 0.37993421052631576 0.1101364522417154 0.026498538011695907 0.04645873944119558
0 0.5038377192982456 0.4566276803118908 0.024305555555555556 0.044509421702404156
0 0.22432383040935672 0.644087069525666 0.028691520467836257 0.05555555555555555
0 0.7129934210526315 0.49252761533463285 0.025767543859649123 0.04483430799220273
0 0.27540204678362573 0.5635152696556205 0.028326023391812866 0.050032488628979854
0 0.07839912280701754 0.9725471085120208 0.027046783625730993 0.050357374918778425
0 0.39071637426900585 0.31806367771280053 0.01918859649122807 0.03346328784925276
0 0.48218201754385964 0.8866146848602989 0.02010233918128655 0.037686809616634176
0 0.29084429824561403 0.849090318388564 0.033625730994152045 0.05977907732293697
0 0.6333150584795322 0.44558154645873943 0.020650584795321638 0.03508771929824561
0 0.49990862573099415 0.42056530214424953 0.028143274853801168 0.049707602339181284
0 0.49451754385964913 0.24528914879792071 0.02138157894736842 0.03898635477582846
0 0.7487207602339181 0.6523716699155295 0.030153508771929825 0.05230669265756985
0 0.09767909356725146 0.4571150097465887 0.03326023391812866 0.049707602339181284
0 0.6516812865497076 0.7090643274853801 0.025767543859649123 0.04613385315139701
0 0.14583333333333334 0.2168615984405458 0.029239766081871343 0.04873294346978557
0 0.7394005847953217 0.4857050032488629 0.029788011695906433 0.06335282651072124
0 0.7275219298245614 0.11468486029889538 0.024305555555555556 0.044184535412605586
0 0.5404788011695907 0.589993502274204 0.025767543859649123 0.05620532813515269
0 0.6999269005847953 0.2093892137751787 0.031980994152046784 0.058154645873944116
0 0.930281432748538 0.032651072124756333 0.02266081871345029 0.0396361273554256
0 0.4940606725146199 0.14717348927875243 0.0266812865497076 0.04743339831059129
0 0.7485380116959064 0.05051981806367771 0.027960526315789474 0.048408057179987
0 0.23940058479532164 0.3711825860948668 0.029239766081871343 0.04905782975958414
0 0.12198464912280702 0.2953216374269006 0.01864035087719298 0.024691358024691357
0 0.046144005847953216 0.24545159194282 0.028143274853801168 0.050682261208576995
0 0.6030701754385965 0.8367446393762183 0.022478070175438597 0.03931124106562703
0 0.5965826023391813 0.4514294996751137 0.02101608187134503 0.03541260558804418
0 0.02860014619883041 0.47173489278752434 0.02631578947368421 0.037361923326835605
0 0.5211074561403509 0.06367771280051981 0.01918859649122807 0.03313840155945419
0 0.06396198830409357 0.8736192332683561 0.030153508771929825 0.05230669265756985
0 0.20257675438596492 0.9410331384015594 0.019736842105263157 0.03313840155945419
0 0.12262426900584796 0.8253736192332684 0.022112573099415205 0.03346328784925276
0 0.6015168128654971 0.692495126705653 0.02887426900584795 0.048408057179987
0 0.6015168128654971 0.06692657569850552 0.015350877192982455 0.028589993502274202
0 0.29395102339181284 0.7940220922677063 0.01516812865497076 0.02794022092267706
0 0.5052997076023392 0.7982456140350878 0.023574561403508772 0.03541260558804418
0 0.43896198830409355 0.5490578297595842 0.027046783625730993 0.04775828460038986
0 0.5807748538011696 0.14944769330734242 0.03527046783625731 0.06432748538011696
0 0.5820577485380117 0.05731319038336582 0.027286184210526317 0.041120857699805065
0 0.2233187134502924 0.6799870045484081 0.03070175438596491 0.05295646523716699
0 0.48775584795321636 0.36176088369070825 0.014071637426900584 0.023391812865497075
0 0.5173611111111112 0.0924301494476933 0.02412280701754386 0.04580896686159844
0 0.9433479532163743 0.1674788823911631 0.03216374269005848 0.050357374918778425
0 0.5368238304093568 0.20727745289148797 0.018092105263157895 0.03216374269005848
0 0.16904239766081872 0.5422352176738142 0.029970760233918127 0.05425601039636127
0 0.19380482456140352 0.9220272904483431 0.021198830409356724 0.03931124106562703
0 0.24643640350877194 0.08187134502923976 0.031067251461988302 0.05328135152696556
0 0.054733187134502925 0.4975633528265107 0.03892543859649123 0.06335282651072124
0 0.057474415204678365 0.9592267706302794 0.03673245614035088 0.06335282651072124
0 0.06889619883040936 0.5461338531513971 0.02266081871345029 0.038011695906432746
0 0.8805738304093568 0.20857699805068225 0.02284356725146199 0.04223521767381416
0 0.16666666666666666 0.25276153346328784 0.02448830409356725 0.036387264457439894
0 0.5982273391812866 0.1444119558154646 0.02448830409356725 0.04126055880441845
0 0.13459429824561403 0.12930474333983105 0.027595029239766082 0.04873294346978557
0 0.20413011695906433 0.8773554256010396 0.021747076023391813 0.03378817413905133
0 0.6002375730994152 0.11972059779077322 0.02101608187134503 0.038011695906432746
0 0.19334795321637427 0.1627680311890838 0.02448830409356725 0.042884990253411304
0 0.2545687134502924 0.49382716049382713 0.039473684210526314 0.06042884990253411
0 0.6854897660818714 0.10201429499675113 0.03654970760233918 0.06432748538011696
0 0.6465643274853801 0.026153346328784924 0.02046783625730994 0.03833658219623132
0 0.27046783625730997 0.7941845354126056 0.034722222222222224 0.06042884990253411
0 0.31295687134502925 0.12930474333983105 0.02631578947368421 0.04710851202079272
0 0.4710343567251462 0.8663092917478883 0.024671052631578948 0.04938271604938271
0 0.787828947368421 0.8495776478232618 0.03234649122807018 0.05588044184535412
0 0.15634137426900585 0.4041585445094217 0.02412280701754386 0.04158544509421702
0 0.26836622807017546 0.403183885640026 0.025767543859649123 0.04938271604938271
0 0.6515405701754386 0.26530214424951265 0.019654605263157893 0.041423001949317736
0 0.4870248538011696 0.08853151397011046 0.029788011695906433 0.04905782975958414
0 0.5506213450292398 0.7002923976608187 0.025950292397660817 0.04483430799220273
0 0.6514985380116959 0.7344054580896686 0.024305555555555556 0.036387264457439894
0 0.6625548245614035 0.4137426900584795 0.01516812865497076 0.024691358024691357
0 0.7511878654970761 0.27387914230019494 0.025767543859649123 0.04710851202079272
0 0.34557748538011696 0.5006497725795972 0.02101608187134503 0.03443794671864847
0 0.6474780701754386 0.6060753736192332 0.02046783625730994 0.03833658219623132
0 0.322733918128655 0.08576998050682261 0.018457602339181287 0.0341130604288499
0 0.21902412280701755 0.15253411306042886 0.019005847953216373 0.03541260558804418
0 0.7216739766081871 0.660006497725796 0.019919590643274854 0.036387264457439894
0 0.7999817251461988 0.149772579597141 0.023940058479532164 0.04483430799220273
0 0.31505847953216376 0.5789473684210527 0.03344298245614035 0.05458089668615984
0 0.3614766081871345 0.8908382066276803 0.021198830409356724 0.037686809616634176
0 0.15268640350877194 0.8854775828460039 0.019005847953216373 0.03313840155945419
0 0.10910087719298246 0.526803118908382 0.035818713450292396 0.05555555555555555
0 0.46463815789473684 0.7688434048083171 0.023940058479532164 0.04126055880441845
0 0.012152777777777778 0.8526640675763483 0.024305555555555556 0.05230669265756985
0 0.27658991228070173 0.6952566601689408 0.027412280701754384 0.05198180636777128
0 0.4533077485380117 0.8294346978557505 0.017726608187134504 0.030864197530864196
0 0.3020833333333333 0.9384340480831709 0.011695906432748537 0.02079272254710851
0 0.2646198830409357 0.26575698505523065 0.019919590643274854 0.031189083820662766
0 0.8150584795321637 0.18291098115659518 0.031615497076023395 0.05263157894736842
0 0.7186586257309941 0.7517868745938922 0.016812865497076022 0.030214424951267055
0 0.18868786549707603 0.7342430149447693 0.031067251461988302 0.0539311241065627
0 0.011239035087719298 0.814327485380117 0.0222953216374269 0.04905782975958414
0 0.5169042397660819 0.6567576348278102 0.011878654970760233 0.02111760883690708
0 0.6990131578947368 0.6020142949967512 0.023026315789473683 0.03508771929824561
0 0.5352704678362573 0.936809616634178 0.01827485380116959 0.038011695906432746
0 0.22669956140350878 0.8562378167641326 0.02631578947368421 0.05230669265756985
0 0.6233552631578947 0.6861598440545809 0.020285087719298246 0.03508771929824561
0 0.43881944444444443 0.2567543859649123 0.02178545321637427 0.031578947368421054
0 0.34612573099415206 0.010721247563352826 0.01663011695906433 0.021442495126705652
0 0.6960891812865497 0.7876868096166342 0.03618421052631579 0.06660168940870695
0 0.04577850877192982 0.7781026640675763 0.02850877192982456 0.04905782975958414
0 0.23985745614035087 0.2576348278102664 0.038011695906432746 0.06562703053931124
0 0.667671783625731 0.7798895386614685 0.019005847953216373 0.036062378167641324
0 0.5815058479532164 0.3961988304093567 0.018457602339181287 0.02794022092267706
0 0.15296052631578946 0.9759584145549057 0.020650584795321638 0.03378817413905133
0 0.5406615497076024 0.4277128005198181 0.039108187134502925 0.0682261208576998
0 0.29194078947368424 0.246588693957115 0.015533625730994151 0.02631578947368421
0 0.19791666666666666 0.9666991552956465 0.01864035087719298 0.03183885640025991
0 0.7732090643274854 0.4030214424951267 0.023940058479532164 0.04223521767381416
0 0.1650219298245614 0.056530214424951264 0.03709795321637427 0.057179987004548405
0 0.33890716374269003 0.9623131903833658 0.039108187134502925 0.07082521117608837
0 0.8180738304093568 0.14165042235217673 0.017178362573099414 0.028914879792072773
0 0.6896016081871345 0.6348278102664068 0.019919590643274854 0.03866146848602989
0 0.5764802631578947 0.7516244314489928 0.017909356725146198 0.028914879792072773
0 0.5526315789473685 0.2576348278102664 0.017178362573099414 0.031189083820662766
0 0.8019005847953217 0.792722547108512 0.026498538011695907 0.04775828460038986
0 0.3607456140350877 0.2951591942820013 0.01918859649122807 0.03216374269005848
0 0.6847587719298246 0.30003248862897985 0.03252923976608187 0.05360623781676413
0 0.23940058479532164 0.1375893437296946 0.02284356725146199 0.0396361273554256
0 0.6306652046783626 0.025016244314489927 0.01864035087719298 0.03313840155945419
0 0.06779970760233918 0.5860948667966212 0.015350877192982455 0.025666016894087068
0 0.4643640350877193 0.11923326835607537 0.033625730994152045 0.05880441845354126
0 0.7417763157894737 0.6216699155295646 0.02412280701754386 0.03931124106562703
0 0.264437134502924 0.6083495776478233 0.023940058479532164 0.03996101364522417
0 0.660453216374269 0.3745938921377518 0.021564327485380116 0.03898635477582846
0 0.7363852339181286 0.40627030539311243 0.028326023391812866 0.04775828460038986
0 0.814875730994152 0.6705653021442495 0.017726608187134504 0.030864197530864196
0 0.7112573099415205 0.9720597790773229 0.04093567251461988 0.05588044184535412
0 0.31122076023391815 0.2985705003248863 0.028143274853801168 0.044509421702404156
0 0.20266812865497075 0.6846978557504874 0.031615497076023395 0.057829759584145546
0 0.6606359649122807 0.16000649772579598 0.015350877192982455 0.02664067576348278
0 0.48428362573099415 0.03281351526965562 0.02540204678362573 0.044184535412605586
0 0.6147660818713451 0.542722547108512 0.029605263157894735 0.05328135152696556
0 0.36951754385964913 0.4694606887589344 0.01516812865497076 0.02761533463287849
0 0.36138523391812866 0.10607537361923326 0.02631578947368421 0.056855100714749834
0 0.522843567251462 0.8036062378167641 0.0133406432748538 0.023391812865497075
0 0.17498172514619884 0.4384340480831709 0.034173976608187134 0.05847953216374269
0 0.5219298245614035 0.04207277452891488 0.02101608187134503 0.03898635477582846
0 0.5158991228070176 0.5097465886939572 0.014071637426900584 0.022742040285899934
0 0.17690058479532164 0.7948343079922028 0.01644736842105263 0.025666016894087068
0 0.5770285087719298 0.8554256010396362 0.018457602339181287 0.03216374269005848
0 0.10617690058479533 0.6502599090318388 0.019554093567251463 0.03508771929824561
0 0.29312865497076024 0.9091942820012996 0.02320906432748538 0.0451591942820013
0 0.789656432748538 0.5235542560103964 0.03764619883040936 0.06920077972709551
0 0.6049287280701755 0.5898765432098766 0.030431286549707604 0.03492527615334633
0 0.6499451754385965 0.6442495126705653 0.028143274853801168 0.05263157894736842
0 0.40542763157894735 0.06351526965562053 0.0360014619883041 0.06627680311890838
0 0.3584612573099415 0.31773879142300193 0.0222953216374269 0.04126055880441845
0 0.423093932748538 0.942722547108512 0.01577668128654971 0.03517218973359324
0 0.12207602339181287 0.792722547108512 0.027777777777777776 0.050032488628979854
0 0.7758589181286549 0.0527940220922677 0.027595029239766082 0.050682261208576995
0 0.0935672514619883 0.9792072774528915 0.021747076023391813 0.03443794671864847
0 0.6300255847953217 0.6418128654970761 0.015716374269005847 0.02729044834307992
0 0.5159904970760234 0.6827485380116959 0.010782163742690058 0.018193632228719947
0 0.34941520467836257 0.5212800519818064 0.020285087719298246 0.03573749187784275
0 0.19371345029239767 0.12426900584795321 0.027412280701754384 0.04191033138401559
0 0.6951754385964912 0.5456465237166992 0.02850877192982456 0.04905782975958414
0 0.18081140350877192 0.8362833008447044 0.01954312865497076 0.025701754385964913
0 0.5304276315789473 0.3789798570500325 0.019919590643274854 0.03541260558804418
0 0.08342470760233918 0.8281351526965562 0.0360014619883041 0.05555555555555555
0 0.5403874269005848 0.6291423001949318 0.013888888888888888 0.02631578947368421
0 0.2466191520467836 0.018843404808317088 0.025767543859649123 0.037361923326835605
0 0.19325657894736842 0.5323261858349577 0.03070175438596491 0.05458089668615984
0 0.6391630116959064 0.4121182586094867 0.02850877192982456 0.05198180636777128
0 0.5579312865497076 0.8822287199480182 0.020833333333333332 0.03378817413905133
0 0.1069078947368421 0.2134502923976608 0.02101608187134503 0.03313840155945419
0 0.7184758771929824 0.6843729694606887 0.021564327485380116 0.036062378167641324
0 0.3356176900584795 0.3898635477582846 0.014985380116959063 0.024041585445094216
0 0.265625 0.3248862897985705 0.014985380116959063 0.02631578947368421
0 0.37682748538011696 0.17755035737491878 0.02722953216374269 0.05198180636777128
0 0.1366045321637427 0.18112410656270306 0.03453947368421053 0.05847953216374269
0 0.4279970760233918 0.07651072124756335 0.020285087719298246 0.03866146848602989
0 0.47925804093567254 0.40821962313190385 0.029970760233918127 0.049707602339181284
0 0.021747076023391813 0.5682261208576999 0.028143274853801168 0.04808317089018843
0 0.7552997076023392 0.9865172189733593 0.027777777777777776 0.02696556205328135
0 0.1459247076023392 0.7384665367121508 0.03289473684210526 0.0539311241065627
0 0.431061769005848 0.3885347628330085 0.03096856725146199 0.058424301494476936
0 0.9497112573099414 0.030549057829759585 0.032121710526315794 0.06110136452241715
0 0.22953033625730995 0.7447335932423652 0.018073830409356725 0.024996751137102015
0 0.17881944444444445 0.762508122157245 0.019736842105263157 0.03443794671864847
0 0.8375365497076024 0.255685510071475 0.018457602339181287 0.02729044834307992
0 0.6894188596491229 0.026803118908382065 0.031067251461988302 0.05360623781676413
0 0.7701937134502924 0.01738141650422352 0.021747076023391813 0.03476283300844704
0 0.549250730994152 0.14701104613385316 0.018092105263157895 0.03573749187784275
0 0.5446820175438597 0.36939571150097467 0.020650584795321638 0.036387264457439894
0 0.09804459064327485 0.1465237166991553 0.02412280701754386 0.04191033138401559
0 0.3622076023391813 0.13840155945419103 0.026133040935672515 0.037037037037037035
0 0.14135599415204678 0.5854450942170241 0.02138157894736842 0.037361923326835605
0 0.4618055555555556 0.012508122157244964 0.019005847953216373 0.024691358024691357
0 0.9672880116959064 0.19314489928525017 0.03271198830409357 0.05263157894736842
0 0.5413011695906432 0.5 0.016264619883040937 0.02761533463287849
0 0.7921235380116959 0.5766731643924626 0.035818713450292396 0.06432748538011696
0 0.7973318713450293 0.2166991552956465 0.020285087719298246 0.03541260558804418
0 0.4840095029239766 0.541585445094217 0.017361111111111112 0.0341130604288499
0 0.43585526315789475 0.20532813515269654 0.017726608187134504 0.03248862897985705
0 0.012976973684210528 0.9595743989603639 0.025952119883040935 0.04757959714100064
0 0.3364400584795322 0.8992852501624431 0.019736842105263157 0.030864197530864196
0 0.12874634502923976 0.021767381416504222 0.034173976608187134 0.043534762833008445
0 0.19636330409356725 0.021767381416504222 0.02266081871345029 0.043209876543209874
0 0.026589912280701754 0.014457439896036386 0.0222953216374269 0.028589993502274202
0 0.07894736842105263 0.9178037686809617 0.023574561403508772 0.038011695906432746
0 0.7413194444444444 0.336582196231319 0.030519005847953216 0.04938271604938271
0 0.13495979532163743 0.96816114359974 0.0268640350877193 0.04938271604938271
0 0.472953216374269 0.9400584795321637 0.027412280701754384 0.04613385315139701
0 0.5393823099415205 0.3112410656270305 0.02138157894736842 0.036062378167641324
0 0.7904788011695907 0.6364522417153996 0.022478070175438597 0.037037037037037035
0 0.041758040935672515 0.6021767381416504 0.037463450292397664 0.057179987004548405
0 0.3319627192982456 0.12378167641325535 0.025584795321637425 0.04678362573099415
0 0.08945540935672515 0.9509421702404158 0.02266081871345029 0.036387264457439894
0 0.6727302631578947 0.9349675113710201 0.02440606725146199 0.03912930474333983
0 0.16867690058479531 0.2740415854450942 0.019554093567251463 0.02599090318388564
0 0.36485745614035087 0.9832683560753737 0.022112573099415205 0.03313840155945419
0 0.7741228070175439 0.17738791423001948 0.03289473684210526 0.06335282651072124
0 0.25352156432748535 0.45601039636127355 0.017288011695906432 0.04186159844054581
0 0.7888340643274854 0.767056530214425 0.029605263157894735 0.04905782975958414
0 0.31359649122807015 0.04548408057179987 0.023391812865497075 0.038011695906432746
0 0.5345394736842105 0.3554256010396361 0.016812865497076022 0.029889538661468484
0 0.5646016081871345 0.5758609486679662 0.02266081871345029 0.04158544509421702
0 0.09375 0.37816764132553604 0.024671052631578948 0.04256010396361273
0 0.2538377192982456 0.5511695906432749 0.03819444444444445 0.07244964262508122
0 0.08287646198830409 0.7563352826510721 0.023757309941520467 0.03898635477582846
0 0.43951023391812866 0.437946718648473 0.02266081871345029 0.04158544509421702
0 0.7870065789473685 0.6892462638076673 0.039656432748538015 0.06660168940870695
0 0.6822916666666666 0.26591942820013 0.025950292397660817 0.04873294346978557
0 0.3421966374269006 0.03037686809616634 0.013888888888888888 0.02729044834307992
0 0.4833698830409357 0.44623131903833657 0.022112573099415205 0.03996101364522417
0 0.358187134502924 0.037686809616634176 0.025950292397660817 0.04548408057179987
0 0.7119883040935673 0.5555555555555556 0.015350877192982455 0.028589993502274202
0 0.5884502923976608 0.18323586744639375 0.017726608187134504 0.03443794671864847
0 0.7139985380116959 0.7743664717348928 0.022478070175438597 0.03833658219623132
0 0.5810489766081871 0.3789798570500325 0.014619883040935672 0.024691358024691357
0 0.12563961988304093 0.8700454840805718 0.026498538011695907 0.04873294346978557
0 0.15296052631578946 0.42901234567901236 0.018457602339181287 0.02729044834307992
0 0.5071271929824561 0.3654970760233918 0.024671052631578948 0.04223521767381416
0 0.5734649122807017 0.7699805068226121 0.02046783625730994 0.036387264457439894
0 0.0537280701754386 0.35851202079272254 0.0268640350877193 0.050682261208576995
0 0.502375730994152 0.341130604288499 0.023757309941520467 0.04126055880441845
0 0.43667763157894735 0.6062378167641326 0.020833333333333332 0.03931124106562703
0 0.5948464912280702 0.03541260558804418 0.02138157894736842 0.038011695906432746
0 0.18485014619883042 0.9597141000649773 0.02266081871345029 0.043534762833008445
0 0.22669956140350878 0.7067901234567902 0.017543859649122806 0.02664067576348278
0 0.6317616959064327 0.33300844704353477 0.022112573099415205 0.03996101364522417
0 0.5546418128654971 0.7358674463937622 0.027595029239766082 0.04483430799220273
0 0.14894005847953215 0.27956465237166994 0.02631578947368421 0.04580896686159844
0 0.19353070175438597 0.8024691358024691 0.027046783625730993 0.048408057179987
0 0.600328947368421 0.28573749187784275 0.02503654970760234 0.0451591942820013
0 0.31313961988304095 0.27046783625730997 0.03179824561403509 0.04938271604938271
0 0.1878654970760234 0.6494476933073424 0.02905701754385965 0.04743339831059129
0 0.10736476608187134 0.18973359324236516 0.02101608187134503 0.038011695906432746
0 0.1358735380116959 0.5021117608836907 0.017543859649122806 0.03183885640025991
0 0.5785818713450293 0.9408706952566601 0.02320906432748538 0.04483430799220273
0 0.6653874269005848 0.7019168291098116 0.019554093567251463 0.03508771929824561
0 0.886421783625731 0.2907732293697206 0.0402046783625731 0.06302794022092267
0 0.5399305555555556 0.28573749187784275 0.025219298245614034 0.043534762833008445
0 0.647922149122807 0.5010006497725795 0.030334429824561405 0.045506822612085766
0 0.11759868421052631 0.38044184535412606 0.03508771929824561 0.05295646523716699
0 0.46290204678362573 0.2157244964262508 0.015533625730994151 0.02729044834307992
0 0.16072733918128654 0.36403508771929827 0.025584795321637425 0.048408057179987
0 0.5671600877192983 0.6528589993502274 0.02284356725146199 0.04158544509421702
0 0.7225877192982456 0.15562053281351526 0.022478070175438597 0.03833658219623132
0 0.17059576023391812 0.15448343079922028 0.03545321637426901 0.0649772579597141
0 0.4654367690058479 0.6530929174788824 0.017902046783625728 0.03496101364522417
0 0.4620796783625731 0.6320662768031189 0.024671052631578948 0.04256010396361273
0 0.34073464912280704 0.4780701754385965 0.031615497076023395 0.05263157894736842
0 0.7240497076023392 0.05977907732293697 0.030519005847953216 0.057829759584145546
0 0.0804093567251462 0.7116634178037686 0.022112573099415205 0.036387264457439894
0 0.6703216374269005 0.6713775178687459 0.014985380116959063 0.02729044834307992
0 0.11750730994152046 0.7334307992202729 0.024853801169590642 0.0341130604288499
0 0.41173245614035087 0.19948018193632228 0.028326023391812866 0.04873294346978557
0 0.5147112573099415 0.6354775828460039 0.01516812865497076 0.028265107212475632
0 0.9806286549707602 0.08024691358024691 0.027046783625730993 0.03996101364522417
0 0.6983735380116959 0.14457439896036386 0.021564327485380116 0.037686809616634176
0 0.4093567251461988 0.9483430799220273 0.017361111111111112 0.03378817413905133
0 0.24917763157894737 0.6138726445743989 0.022112573099415205 0.042884990253411304
0 0.4149305555555556 0.26819363222871995 0.0133406432748538 0.024691358024691357
0 0.6258223684210527 0.3014944769330734 0.015716374269005847 0.02761533463287849
0 0.5764802631578947 0.34372969460688757 0.013888888888888888 0.02631578947368421
0 0.7044956140350878 0.5714749837556855 0.019736842105263157 0.03313840155945419
0 0.8116776315789473 0.34827810266406756 0.029605263157894735 0.050357374918778425
0 0.06218750000000001 0.4022222222222222 0.028583698830409357 0.04128979857050032
0 0.12454312865497076 0.33073424301494475 0.019736842105263157 0.02631578947368421
0 0.6899671052631579 0.07131254061078622 0.017361111111111112 0.02761533463287849
0 0.5192799707602339 0.8913255360623782 0.028326023391812866 0.04645873944119558
0 0.9295504385964912 0.25844704353476283 0.041849415204678365 0.0714749837556855
0 0.8373538011695907 0.6796621182586094 0.02010233918128655 0.03346328784925276
0 0.29641812865497075 0.8102664067576348 0.015899122807017545 0.025016244314489927
0 0.3385416666666667 0.42884990253411304 0.01516812865497076 0.028914879792072773
0 0.792671783625731 0.7399285250162443 0.02320906432748538 0.04126055880441845
0 0.6682200292397661 0.9861923326835608 0.02448830409356725 0.02761533463287849
0 0.37966008771929827 0.26413255360623783 0.019919590643274854 0.030214424951267055
0 0.5926535087719298 0.5272904483430799 0.013706140350877192 0.024366471734892786
0 0.31259137426900585 0.7155620532813515 0.015350877192982455 0.025016244314489927
0 0.23601973684210525 0.32423651721897334 0.017543859649122806 0.024041585445094216
0 0.32821637426900585 0.3001949317738791 0.017543859649122806 0.029564652371669914
0 0.7381213450292398 0.023391812865497075 0.030519005847953216 0.04580896686159844
0 0.1427266081871345 0.6046133853151398 0.01864035087719298 0.02696556205328135
0 0.7457054093567251 0.12264457439896036 0.02138157894736842 0.03833658219623132
0 0.2567616959064328 0.22628330084470435 0.01918859649122807 0.03541260558804418
0 0.28828581871345027 0.6980181936322287 0.014437134502923976 0.025016244314489927
0 0.06524122807017543 0.7249837556855101 0.020650584795321638 0.03541260558804418
0 0.5180921052631579 0.7789148797920727 0.014802631578947368 0.02631578947368421
0 0.3465826023391813 0.8713450292397661 0.022478070175438597 0.03898635477582846
0 0.3191703216374269 0.5526315789473685 0.013523391812865496 0.018193632228719947
0 0.07172880116959064 0.6591942820012996 0.026133040935672515 0.04061078622482131
0 0.03664108187134503 0.9704353476283301 0.020650584795321638 0.03443794671864847
0 0.11467470760233918 0.49090318388564 0.02540204678362573 0.04483430799220273
0 0.4731359649122807 0.8222871994801819 0.01425438596491228 0.022417153996101363
0 0.28152412280701755 0.0396361273554256 0.020650584795321638 0.03508771929824561
0 0.20065789473684212 0.3770305393112411 0.023391812865497075 0.03476283300844704
0 0.4485562865497076 0.014294996751137101 0.01827485380116959 0.028589993502274202
0 0.010142543859649123 0.15594541910331383 0.02010233918128655 0.05620532813515269
0 0.11430921052631579 0.7555230669265757 0.02905701754385965 0.03996101364522417
0 0.9011330409356725 0.203866146848603 0.01882309941520468 0.02631578947368421
0 0.3117690058479532 0.097953216374269 0.02046783625730994 0.036062378167641324
0 0.2164656432748538 0.947043534762833 0.011878654970760233 0.02014294996751137
0 0.4696637426900585 0.9187784275503573 0.01663011695906433 0.028914879792072773
0 0.42699195906432746 0.18843404808317088 0.024853801169590642 0.04710851202079272
0 0.2951388888888889 0.37264457439896037 0.030153508771929825 0.05295646523716699
0 0.8007127192982456 0.04499675113710201 0.03819444444444445 0.06530214424951267
0 0.17539839181286548 0.6048667966211826 0.03250548245614035 0.04345029239766082
0 0.36622807017543857 0.34665367121507473 0.027046783625730993 0.04126055880441845
0 0.5144371345029239 0.7361923326835608 0.02284356725146199 0.03898635477582846
0 0.46072733918128655 0.9809031838856399 0.01970029239766082 0.029382716049382716
0 0.17790570175438597 0.3680961663417804 0.013523391812865496 0.02079272254710851
0 0.6230811403508771 0.9613385315139701 0.030884502923976608 0.050357374918778425
0 0.2307200292397661 0.053443794671864844 0.02503654970760234 0.043534762833008445
0 0.6815606725146199 0.35737491877842753 0.01663011695906433 0.029564652371669914
0 0.06642909356725146 0.7764782326185835 0.02448830409356725 0.044184535412605586
0 0.5718201754385965 0.725471085120208 0.015716374269005847 0.02794022092267706
0 0.15076754385964913 0.09876543209876543 0.031615497076023395 0.057179987004548405
0 0.14126461988304093 0.8728070175438597 0.021198830409356724 0.03346328784925276
0 0.007949561403508772 0.11614684860298895 0.015899122807017545 0.04093567251461988
0 0.7136330409356725 0.5834957764782326 0.013157894736842105 0.024041585445094216
0 0.3896198830409357 0.8497400909681612 0.015716374269005847 0.02761533463287849
0 0.7065972222222222 0.46556205328135153 0.023940058479532164 0.036062378167641324
0 0.6521381578947368 0.7785899935022742 0.02266081871345029 0.03346328784925276
0 0.2679093567251462 0.6699155295646524 0.027595029239766082 0.044184535412605586
0 0.21125730994152048 0.5397985705003249 0.03307748538011696 0.06075373619233268
0 0.26288377192982454 0.890675763482781 0.015716374269005847 0.03346328784925276
0 0.7805190058479532 0.10883690708252111 0.018092105263157895 0.03216374269005848
0 0.703764619883041 0.7495126705653021 0.024305555555555556 0.04028589993502274
0 0.48410087719298245 0.5175438596491229 0.013706140350877192 0.025016244314489927
0 0.0452156432748538 0.8661013645224171 0.027441520467836256 0.054165042235217675
0 0.05391081871345029 0.29678362573099415 0.025950292397660817 0.04061078622482131
0 0.2701937134502924 0.4514294996751137 0.02320906432748538 0.03898635477582846
0 0.6162280701754386 0.6211825860948668 0.021929824561403508 0.038011695906432746
0 0.7000182748538012 0.16536712150747238 0.01882309941520468 0.030214424951267055
0 0.19618055555555555 0.2998700454840806 0.041301169590643276 0.06367771280051981
0 0.5737390350877193 0.9709226770630279 0.01882309941520468 0.03346328784925276
0 0.1408077485380117 0.23814165042235216 0.01882309941520468 0.025341130604288498
0 0.5397478070175439 0.0627030539311241 0.018092105263157895 0.03476283300844704
0 0.05171783625730994 0.9303118908382066 0.02942251461988304 0.04126055880441845
0 0.6112938596491229 0.8044184535412605 0.01608187134502924 0.029889538661468484
0 0.4910453216374269 0.2917478882391163 0.01918859649122807 0.037686809616634176
0 0.6920687134502924 0.49041585445094216 0.023757309941520467 0.037686809616634176
0 0.6209795321637427 0.7777777777777778 0.014071637426900584 0.02599090318388564
0 0.8880665204678363 0.06757634827810266 0.02010233918128655 0.03378817413905133
0 0.5523574561403509 0.3161143599740091 0.01425438596491228 0.023391812865497075
0 0.05391081871345029 0.6764132553606238 0.034173976608187134 0.04483430799220273
0 0.5472404970760234 0.1881091617933723 0.016812865497076022 0.030539311241065625
0 0.5983187134502924 0.02079272254710851 0.03344298245614035 0.04158544509421702
0 0.14948830409356725 0.7863872644574399 0.019736842105263157 0.02696556205328135
0 0.20851608187134502 0.4369720597790773 0.0266812865497076 0.04808317089018843
0 0.7491776315789473 0.14619883040935672 0.017178362573099414 0.030539311241065625
0 0.7045869883040936 0.6517218973359324 0.022112573099415205 0.03996101364522417
0 0.5541849415204678 0.9052956465237167 0.01827485380116959 0.03248862897985705
0 0.02585891812865497 0.6796621182586094 0.031067251461988302 0.058154645873944116
0 0.5113304093567251 0.5209551656920078 0.013157894736842105 0.023716699155295645
0 0.4152960526315789 0.12280701754385964 0.023574561403508772 0.04093567251461988
0 0.7593201754385965 0.9382716049382716 0.03125 0.05165692007797271
0 0.007035818713450292 0.39571150097465885 0.014071637426900584 0.03281351526965562
0 0.6896016081871345 0.4665367121507472 0.015716374269005847 0.02631578947368421
0 0.5528143274853801 0.398635477582846 0.027046783625730993 0.044509421702404156
0 0.3671418128654971 0.2667316439246264 0.011513157894736841 0.01949317738791423
0 0.31569809941520466 0.014619883040935672 0.021564327485380116 0.029239766081871343
0 0.20257675438596492 0.347953216374269 0.01864035087719298 0.024691358024691357
0 0.24415204678362573 0.9827810266406758 0.03618421052631579 0.03443794671864847
0 0.6098318713450293 0.6556205328135153 0.023391812865497075 0.04256010396361273
0 0.25941154970760233 0.3373944119558155 0.017543859649122806 0.028265107212475632
0 0.14208698830409358 0.6994801819363223 0.017543859649122806 0.024366471734892786
0 0.2930372807017544 0.10721247563352826 0.015899122807017545 0.02631578947368421
0 0.15067616959064328 0.8036062378167641 0.017543859649122806 0.02664067576348278
0 0.474141081871345 0.31643924626380765 0.03527046783625731 0.06237816764132553
0 0.0558296783625731 0.5666016894087069 0.021747076023391813 0.02664067576348278
0 0.3771016081871345 0.07602339181286549 0.015350877192982455 0.02761533463287849
0 0.4899488304093567 0.11923326835607537 0.0222953216374269 0.03898635477582846
0 0.5843384502923976 0.27680311890838205 0.0133406432748538 0.025016244314489927
0 0.0491593567251462 0.849090318388564 0.022112573099415205 0.03378817413905133
0 0.6511330409356725 0.32212475633528265 0.014802631578947368 0.022092267706302793
0 0.4029605263157895 0.9800194931773879 0.016812865497076022 0.03281351526965562
0 0.355500730994152 0.20885964912280702 0.03040752923976608 0.04280051981806368
0 0.6102887426900585 0.49317738791423 0.020833333333333332 0.03508771929824561
0 0.7012061403508771 0.253411306042885 0.030884502923976608 0.057829759584145546
0 0.6131213450292398 0.5077972709551657 0.014985380116959063 0.023716699155295645
0 0.03828581871345029 0.45110461338531516 0.023757309941520467 0.036387264457439894
0 0.038559941520467836 0.13466536712150748 0.01918859649122807 0.029564652371669914
0 0.7098866959064327 0.4423326835607537 0.02046783625730994 0.04126055880441845
0 0.09009502923976608 0.34860298895386616 0.02722953216374269 0.042884990253411304
0 0.2561220760233918 0.7090643274853801 0.027046783625730993 0.04028589993502274
0 0.2891081871345029 0.9850552306692657 0.019371345029239765 0.029889538661468484
0 0.22505482456140352 0.08105912930474334 0.01608187134502924 0.02729044834307992
0 0.3153326023391813 0.15708252111760884 0.015350877192982455 0.02599090318388564
0 0.3897112573099415 0.871832358674464 0.01882309941520468 0.038011695906432746
0 0.6606359649122807 0.27923976608187134 0.013888888888888888 0.02079272254710851
0 0.6926169590643275 0.725471085120208 0.02631578947368421 0.04613385315139701
0 0.362984283625731 0.9446263807667317 0.02291301169590643 0.05855100714749838
0 0.5476973684210527 0.06952566601689408 0.016812865497076022 0.03313840155945419
0 0.02183845029239766 0.14473684210526316 0.026133040935672515 0.03996101364522417
0 0.47057748538011696 0.3406432748538012 0.025219298245614034 0.04548408057179987
0 0.06569809941520467 0.1442495126705653 0.02266081871345029 0.04061078622482131
0 0.5443165204678363 0.6699155295646524 0.017178362573099414 0.02761533463287849
0 0.6243475877192982 0.9329954515919429 0.032189327485380115 0.04499025341130604
0 0.4463633040935672 0.34632878492527613 0.01644736842105263 0.03151397011046134
0 0.8568165204678363 0.1949317738791423 0.016264619883040937 0.021442495126705652
0 0.18946271929824562 0.22301819363222875 0.02190058479532164 0.03975633528265107
0 0.10005482456140351 0.5565302144249513 0.028143274853801168 0.04093567251461988
0 0.6536915204678363 0.3435672514619883 0.023757309941520467 0.037361923326835605
0 0.25493421052631576 0.1937946718648473 0.020285087719298246 0.0341130604288499
0 0.1514985380116959 0.9870045484080572 0.03179824561403509 0.02599090318388564
0 0.2787828947368421 0.5347628330084471 0.02412280701754386 0.04191033138401559
0 0.27421418128654973 0.9348602988953866 0.014802631578947368 0.02696556205328135
0 0.5776681286549707 0.8845029239766082 0.01918859649122807 0.0341130604288499
0 0.7320906432748538 0.18518518518518517 0.034722222222222224 0.05912930474333983
0 0.38596491228070173 0.0836582196231319 0.019005847953216373 0.030864197530864196
0 0.7458881578947368 0.0869070825211176 0.03326023391812866 0.05263157894736842
0 0.4597953216374269 0.7547108512020793 0.02631578947368421 0.04483430799220273
0 0.047240497076023395 0.38693957115009747 0.027595029239766082 0.04223521767381416
0 0.37774122807017546 0.2917478882391163 0.030519005847953216 0.0539311241065627
0 0.5071271929824561 0.7810266406757634 0.015533625730994151 0.02696556205328135
0 0.08552631578947369 0.8767056530214425 0.022112573099415205 0.03378817413905133
0 0.3031798245614035 0.9837556855100714 0.02320906432748538 0.03248862897985705
0 0.15369152046783627 0.9078947368421053 0.015350877192982455 0.025016244314489927
0 0.7885599415204678 0.6197205977907733 0.02046783625730994 0.030539311241065625
0 0.549250730994152 0.8118908382066277 0.011513157894736841 0.02079272254710851
0 0.6986476608187134 0.5142949967511371 0.023940058479532164 0.04223521767381416
0 0.971125730994152 0.16666666666666666 0.02046783625730994 0.029239766081871343
0 0.5608552631578947 0.6148473034437947 0.03344298245614035 0.056530214424951264
0 0.32958698830409355 0.8750812215724496 0.013888888888888888 0.022417153996101363
0 0.015990497076023392 0.4155295646523717 0.030519005847953216 0.03931124106562703
0 0.4294590643274854 0.342267706302794 0.03307748538011696 0.056530214424951264
0 0.8513340643274854 0.23586744639376217 0.02266081871345029 0.04191033138401559
0 0.5458698830409356 0.6538336582196231 0.015533625730994151 0.02696556205328135
0 0.22514619883040934 0.7298570500324886 0.016812865497076022 0.02729044834307992
0 0.33114035087719296 0.3619233268356075 0.01663011695906433 0.02761533463287849
0 0.17635233918128654 0.23261858349577647 0.019005847953216373 0.03216374269005848
0 0.7781432748538012 0.35834957764782327 0.01699561403508772 0.02761533463287849
0 0.5363669590643275 0.015594541910331383 0.010964912280701754 0.018193632228719947
0 0.7941337719298246 0.23619233268356074 0.015350877192982455 0.02696556205328135
0 0.6090095029239766 0.7623456790123457 0.029239766081871343 0.050032488628979854
0 0.4452668128654971 0.36858349577647825 0.017543859649122806 0.029564652371669914
0 0.13642178362573099 0.7789148797920727 0.019919590643274854 0.036712150747238464
0 0.5138888888888888 0.966374269005848 0.02138157894736842 0.04580896686159844
0 0.6302997076023392 0.05880441845354126 0.018457602339181287 0.03248862897985705
0 0.575749269005848 0.7089018843404808 0.01206140350877193 0.021442495126705652
0 0.5535453216374269 0.563190383365822 0.014437134502923976 0.02599090318388564
0 0.42562134502923976 0.46085120207927227 0.011330409356725146 0.02111760883690708
0 0.1387061403508772 0.6859974009096816 0.017726608187134504 0.021442495126705652
0 0.6367872807017544 0.46848602988953864 0.015533625730994151 0.023716699155295645
0 0.23189875730994153 0.20480506822612085 0.034853801169590644 0.04162768031189084
0 0.030519005847953216 0.27826510721247566 0.02448830409356725 0.036387264457439894
0 0.19745979532163743 0.4129304743339831 0.02722953216374269 0.044509421702404156
0 0.0133406432748538 0.36533463287849255 0.0222953216374269 0.03378817413905133
0 0.25411184210526316 0.3105912930474334 0.020650584795321638 0.02761533463287849
0 0.08611476608187135 0.27232943469785575 0.027708333333333335 0.06046458739441196
0 0.22112573099415206 0.8866146848602989 0.014985380116959063 0.02631578947368421
0 0.7815241228070176 0.142949967511371 0.025950292397660817 0.04223521767381416
0 0.2879203216374269 0.7152371669915529 0.014071637426900584 0.023716699155295645
0 0.11787280701754387 0.6872969460688759 0.02631578947368421 0.037361923326835605
0 0.03344298245614035 0.3023066926575699 0.031432748538011694 0.04938271604938271
0 0.1922514619883041 0.5027615334632879 0.02412280701754386 0.037361923326835605
0 0.6636513157894737 0.7971085120207927 0.018092105263157895 0.03151397011046134
0 0.7851790935672515 0.8166016894087069 0.031615497076023395 0.05263157894736842
0 0.2098263888888889 0.7235185185185184 0.01693347953216374 0.03280701754385965
0 0.3204495614035088 0.3291098115659519 0.034722222222222224 0.0594541910331384
0 0.31569809941520466 0.36939571150097467 0.022112573099415205 0.03996101364522417
0 0.7766812865497076 0.37686809616634176 0.017178362573099414 0.029239766081871343
0 0.8100328947368421 0.013482781026640675 0.02887426900584795 0.02696556205328135
0 0.75484283625731 0.686809616634178 0.019371345029239765 0.03216374269005848
0 0.21299342105263158 0.7574723846653671 0.020650584795321638 0.03573749187784275
0 0.7377558479532164 0.7267706302794023 0.017543859649122806 0.02794022092267706
0 0.448921783625731 0.557504873294347 0.021929824561403508 0.037037037037037035
0 0.1632858187134503 0.31237816764132553 0.03527046783625731 0.05425601039636127
0 0.011330409356725146 0.9892787524366472 0.02266081871345029 0.021442495126705652
0 0.18704312865497075 0.0396361273554256 0.025950292397660817 0.043209876543209874
0 0.23254751461988304 0.30864197530864196 0.018092105263157895 0.023391812865497075
0 0.47286184210526316 0.19671864847303444 0.0133406432748538 0.023716699155295645
0 0.08022660818713451 0.16812865497076024 0.02631578947368421 0.037361923326835605
0 0.0335343567251462 0.18453541260558803 0.038559941520467836 0.06042884990253411
0 0.027960526315789474 0.1046133853151397 0.019371345029239765 0.02761533463287849
0 0.2222222222222222 0.5859324236517219 0.020650584795321638 0.037686809616634176
0 0.5762061403508771 0.015107212475633527 0.016264619883040937 0.028914879792072773
0 0.5130665204678363 0.580896686159844 0.012426900584795321 0.024041585445094216
0 0.03280336257309942 0.21539961013645223 0.021198830409356724 0.029239766081871343
0 0.10562865497076024 0.9143924626380767 0.024671052631578948 0.03833658219623132
0 0.8220942982456141 0.4637751786874594 0.016812865497076022 0.02729044834307992
0 0.12764985380116958 0.49415204678362573 0.021747076023391813 0.03898635477582846
0 0.4180372807017544 0.33073424301494475 0.01864035087719298 0.03541260558804418
0 0.5593932748538012 0.9418453541260559 0.0222953216374269 0.04093567251461988
0 0.8477704678362573 0.18014944769330735 0.023391812865497075 0.03281351526965562
0 0.7542945906432749 0.7121507472384665 0.01882309941520468 0.03281351526965562
0 0.7762244152046783 0.5550682261208577 0.023940058479532164 0.03996101364522417
0 0.6504020467836257 0.6794996751137102 0.020285087719298246 0.030539311241065625
0 0.1678545321637427 0.3312215724496426 0.023940058479532164 0.037686809616634176
0 0.513797514619883 0.9475308641975309 0.017909356725146198 0.031189083820662766
0 0.21796600877192984 0.7926283300844704 0.015769371345029242 0.028739441195581545
0 0.8919042397660819 0.12361923326835607 0.027960526315789474 0.04613385315139701
0 0.1764437134502924 0.6314165042235218 0.01516812865497076 0.021767381416504222
0 0.5980445906432749 0.2179987004548408 0.01699561403508772 0.02664067576348278
0 0.2345577485380117 0.2894736842105263 0.01882309941520468 0.02696556205328135
0 0.054733187134502925 0.586582196231319 0.020285087719298246 0.028265107212475632
0 0.09046052631578948 0.9221897335932424 0.017361111111111112 0.02631578947368421
0 0.73921783625731 0.1541585445094217 0.020833333333333332 0.037037037037037035
0 0.32556652046783624 0.42007797270955166 0.02101608187134503 0.03931124106562703
0 0.6876827485380117 0.7051656920077972 0.016812865497076022 0.030864197530864196
0 0.4908625730994152 0.012833008447043534 0.014071637426900584 0.025666016894087068
0 0.5275950292397661 0.9868421052631579 0.01918859649122807 0.02631578947368421
0 0.6869517543859649 0.5121832358674464 0.01663011695906433 0.02761533463287849
0 0.7787828947368421 0.6897335932423652 0.019919590643274854 0.036062378167641324
0 0.2883771929824561 0.34990253411306044 0.01864035087719298 0.03216374269005848
0 0.28158991228070174 0.9739831059129305 0.016920687134502923 0.03589993502274204
0 0.3008954678362573 0.044509421702404156 0.01827485380116959 0.029564652371669914
0 0.6505847953216374 0.5459714100064977 0.027777777777777776 0.04775828460038986
0 0.6793676900584795 0.33966861598440545 0.015350877192982455 0.02664067576348278
0 0.30893640350877194 0.5409356725146199 0.01918859649122807 0.031189083820662766
0 0.4420687134502924 0.5004873294346979 0.023026315789473683 0.03866146848602989
0 0.7737573099415205 0.26283300844704355 0.017909356725146198 0.030214424951267055
0 0.18686038011695907 0.09405458089668615 0.03782894736842105 0.05977907732293697
0 0.3307748538011696 0.44103313840155944 0.02046783625730994 0.03313840155945419
0 0.5341739766081871 0.14944769330734242 0.030519005847953216 0.05328135152696556
0 0.703125 0.3427550357374919 0.025219298245614034 0.044509421702404156
0 0.3042763157894737 0.5560428849902534 0.015716374269005847 0.02079272254710851
0 0.6517726608187134 0.4007472384665367 0.01827485380116959 0.03216374269005848
0 0.5020102339181286 0.5081221572449642 0.01699561403508772 0.028589993502274202
0 0.32364766081871343 0.14571150097465888 0.014985380116959063 0.028265107212475632
0 0.2972404970760234 0.33528265107212474 0.01827485380116959 0.03183885640025991
0 0.4876644736842105 0.5670890188434048 0.012609649122807017 0.024691358024691357
0 0.6203399122807017 0.7969460688758935 0.010964912280701754 0.01916829109811566
0 0.7022112573099415 0.6983430799220273 0.02284356725146199 0.04548408057179987
0 0.14866593567251463 0.9494801819363223 0.019005847953216373 0.030214424951267055
0 0.29925073099415206 0.514782326185835 0.014985380116959063 0.028914879792072773
0 0.16812865497076024 0.19168291098115658 0.01882309941520468 0.029564652371669914
0 0.8411915204678363 0.21150097465886938 0.02448830409356725 0.04126055880441845
0 0.45184576023391815 0.9189408706952567 0.014985380116959063 0.029564652371669914
0 0.14565058479532164 0.666829109811566 0.020833333333333332 0.036387264457439894
0 0.8186220760233918 0.6489603638726446 0.027046783625730993 0.043859649122807015
0 0.6483918128654971 0.153183885640026 0.015350877192982455 0.028914879792072773
0 0.7341008771929824 0.2223846653671215 0.03527046783625731 0.05295646523716699
0 0.3995796783625731 0.01608187134502924 0.020833333333333332 0.03216374269005848
0 0.47322733918128657 0.4371345029239766 0.0133406432748538 0.025341130604288498
0 0.2807419590643275 0.13276153346328784 0.023128654970760235 0.04246913580246914
0 0.12088815789473684 0.6128979857050032 0.031067251461988302 0.05555555555555555
0 0.17086988304093567 0.021280051981806367 0.026498538011695907 0.04158544509421702
0 0.5231176900584795 0.21410006497725795 0.014985380116959063 0.02696556205328135
0 0.9723135964912281 0.09892787524366471 0.021198830409356724 0.03183885640025991
0 0.814327485380117 0.4444444444444444 0.027412280701754384 0.042884990253411304
0 0.17406798245614036 0.3999350227420403 0.021747076023391813 0.03378817413905133
0 0.7017543859649122 0.25828460038986356 0.02266081871345029 0.038011695906432746
0 0.8939327485380117 0.1718356075373619 0.023538011695906434 0.036007147498375566
0 0.12161915204678363 0.2785899935022742 0.019554093567251463 0.02794022092267706
0 0.01800073099415205 0.051007147498375566 0.02284356725146199 0.03183885640025991
0 0.5607638888888888 0.9759584145549057 0.019919590643274854 0.03508771929824561
0 0.5268640350877193 0.2823261858349578 0.017543859649122806 0.03476283300844704
0 0.5664290935672515 0.9891163092917479 0.027960526315789474 0.021767381416504222
0 0.5582054093567251 0.6148473034437947 0.021929824561403508 0.04158544509421702
0 0.35635964912280704 0.2324561403508772 0.021198830409356724 0.03573749187784275
0 0.1006030701754386 0.0661143599740091 0.023574561403508772 0.04548408057179987
0 0.07702850877192982 0.6744639376218323 0.01425438596491228 0.021442495126705652
0 0.036823830409356724 0.35851202079272254 0.021929824561403508 0.03996101364522417
0 0.7775950292397661 0.7906107862248213 0.01864035087719298 0.03346328784925276
0 0.7199378654970761 0.9359974009096816 0.02101608187134503 0.03573749187784275
0 0.6379751461988304 0.17218973359324236 0.01882309941520468 0.03216374269005848
0 0.4805372807017544 0.1574074074074074 0.014619883040935672 0.029889538661468484
0 0.6194261695906432 0.5992527615334633 0.023757309941520467 0.04158544509421702
0 0.8953764619883041 0.1915204678362573 0.02046783625730994 0.036387264457439894
0 0.6429093567251462 0.3854775828460039 0.019919590643274854 0.03216374269005848
0 0.013066520467836257 0.23538011695906433 0.023391812865497075 0.037686809616634176
0 0.3618421052631579 0.37686809616634176 0.018457602339181287 0.028914879792072773
0 0.5190972222222222 0.20077972709551656 0.013157894736842105 0.02111760883690708
0 0.13733552631578946 0.8989603638726446 0.02266081871345029 0.04093567251461988
0 0.08771929824561403 0.7782651072124757 0.019736842105263157 0.03378817413905133
0 0.6534173976608187 0.23927875243664717 0.02101608187134503 0.03281351526965562
0 0.03079312865497076 0.06790123456790123 0.02284356725146199 0.037361923326835605
0 0.7446089181286549 0.6785250162443145 0.020650584795321638 0.03443794671864847
0 0.02421418128654971 0.3822287199480182 0.021564327485380116 0.03313840155945419
0 0.6043494152046783 0.3398310591293047 0.014619883040935672 0.024691358024691357
0 0.6336805555555556 0.9821312540610786 0.02010233918128655 0.03346328784925276
0 0.647203947368421 0.7990578297595842 0.01608187134502924 0.030214424951267055
0 0.19956140350877194 0.21328784925276154 0.019371345029239765 0.04093567251461988
0 0.35873538011695905 0.1738141650422352 0.02448830409356725 0.04808317089018843
0 0.09046052631578948 0.012345679012345678 0.021747076023391813 0.024691358024691357
0 0.43357090643274854 0.16260558804418454 0.02010233918128655 0.03931124106562703
0 0.24387792397660818 0.44623131903833657 0.017726608187134504 0.02761533463287849
0 0.484375 0.9866796621182586 0.017543859649122806 0.02631578947368421
0 0.5239400584795322 0.8229369720597791 0.014619883040935672 0.02599090318388564
0 0.3008954678362573 0.8892137751786875 0.015899122807017545 0.02696556205328135
0 0.36641081871345027 0.8518518518518519 0.017361111111111112 0.03443794671864847
0 0.0798611111111111 0.11793372319688109 0.02887426900584795 0.04613385315139701
0 0.7076023391812866 0.29548408057179987 0.016264619883040937 0.028589993502274202
0 0.6031615497076024 0.8130279402209227 0.015716374269005847 0.030539311241065625
0 0.5458698830409356 0.033950617283950615 0.019005847953216373 0.036387264457439894
0 0.4576845760233918 0.864090318388564 0.017743055555555557 0.03529889538661469
0 0.7568530701754386 0.4645873944119558 0.01425438596491228 0.022092267706302793
0 0.005208333333333333 0.25617283950617287 0.010416666666666666 0.030214424951267055
0 0.2015716374269006 0.32878492527615333 0.019371345029239765 0.02599090318388564
0 0.3211805555555556 0.23310591293047433 0.01425438596491228 0.024691358024691357
0 0.6678545321637427 0.7183235867446394 0.01608187134502924 0.028589993502274202
0 0.07529239766081872 0.8957115009746589 0.02631578947368421 0.03898635477582846
0 0.24168494152046785 0.9148797920727745 0.016264619883040937 0.030214424951267055
0 0.5098684210526315 0.9246263807667316 0.01608187134502924 0.02794022092267706
0 0.1608187134502924 0.2292072774528915 0.019005847953216373 0.03378817413905133
0 0.37180190058479534 0.917478882391163 0.01663011695906433 0.03281351526965562
0 0.968110380116959 0.010071474983755685 0.020650584795321638 0.02014294996751137
0 0.6504020467836257 0.3667966211825861 0.019554093567251463 0.03476283300844704
0 0.20321637426900585 0.582521117608837 0.028326023391812866 0.04710851202079272
0 0.009228801169590644 0.0726120857699805 0.018457602339181287 0.037037037037037035
0 0.2878527046783626 0.011900584795321639 0.022940423976608188 0.023801169590643278
0 0.472953216374269 0.37069525666016895 0.009685672514619883 0.016569200779727095
0 0.8586440058479532 0.047595841455490576 0.0222953216374269 0.037037037037037035
0 0.6211622807017544 0.9036712150747238 0.024853801169590642 0.04126055880441845
0 0.0456359649122807 0.89501624431449 0.021120248538011695 0.02654970760233918
0 0.1755299707602339 0.5769980506822612 0.025767543859649123 0.04028589993502274
0 0.04322002923976608 0.5568551007147499 0.0222953216374269 0.043534762833008445
0 0.49835526315789475 0.5607537361923327 0.018457602339181287 0.03443794671864847
0 0.3973866959064328 0.9437946718648473 0.01425438596491228 0.028914879792072773
0 0.41895102339181284 0.0924301494476933 0.016264619883040937 0.029889538661468484
0 0.6192434210526315 0.9904158544509422 0.019554093567251463 0.01916829109811566
0 0.48985745614035087 0.3427550357374919 0.01699561403508772 0.03281351526965562
0 0.11220760233918128 0.7732293697205977 0.021198830409356724 0.030539311241065625
0 0.05226608187134503 0.3148148148148148 0.021198830409356724 0.028589993502274202
0 0.18302266081871346 0.1960688758934373 0.014985380116959063 0.023716699155295645
0 0.3291301169590643 0.3765432098765432 0.015899122807017545 0.023066926575698504
0 0.2359283625730994 0.17235217673814165 0.020833333333333332 0.03248862897985705
0 0.30098684210526316 0.014457439896036386 0.017726608187134504 0.028914879792072773
0 0.7744883040935673 0.6622807017543859 0.02101608187134503 0.036387264457439894
0 0.10307017543859649 0.11241065627030539 0.022112573099415205 0.03508771929824561
0 0.5706323099415205 0.9018843404808317 0.020650584795321638 0.036712150747238464
0 0.7122624269005848 0.5246913580246914 0.0266812865497076 0.04191033138401559
0 0.3077485380116959 0.025178687459389212 0.017543859649122806 0.028265107212475632
0 0.5243969298245614 0.1762508122157245 0.01608187134502924 0.02729044834307992
0 0.7712902046783626 0.5971410006497726 0.017726608187134504 0.02794022092267706
0 0.26133040935672514 0.4298245614035088 0.016264619883040937 0.023716699155295645
0 0.10133406432748537 0.2691682910981157 0.020833333333333332 0.036387264457439894
0 0.2545687134502924 0.40350877192982454 0.020285087719298246 0.04158544509421702
0 0.006487573099415204 0.6601689408706952 0.012975146198830409 0.05490578297595841
0 0.05838815789473684 0.9113060428849903 0.01918859649122807 0.03281351526965562
0 0.021290204678362575 0.2626705653021443 0.020833333333333332 0.03281351526965562
0 0.6632858187134503 0.8200129954515919 0.025584795321637425 0.04223521767381416
0 0.9754203216374269 0.1332033788174139 0.027777777777777776 0.04061078622482131
0 0.03134137426900585 0.550682261208577 0.023574561403508772 0.03898635477582846
0 0.19554093567251463 0.7660818713450293 0.014985380116959063 0.025341130604288498
0 0.21134868421052633 0.625893437296946 0.030153508771929825 0.05230669265756985
0 0.6069078947368421 0.46848602988953864 0.019371345029239765 0.03281351526965562
0 0.6927083333333334 0.4423326835607537 0.02412280701754386 0.043534762833008445
0 0.09850146198830409 0.5820337881741391 0.02266081871345029 0.03313840155945419
0 0.10827850877192982 0.24918778427550356 0.03307748538011696 0.05458089668615984
0 0.11842105263157894 0.8474658869395711 0.01882309941520468 0.029239766081871343
0 0.22743055555555555 0.019330734243014944 0.0356359649122807 0.03866146848602989
0 0.066703216374269 0.8105912930474334 0.024671052631578948 0.04028589993502274
0 0.5714546783625731 0.18778427550357374 0.01425438596491228 0.023391812865497075
0 0.6564327485380117 0.09372969460688758 0.02046783625730994 0.03573749187784275
0 0.7227704678362573 0.13742690058479531 0.015350877192982455 0.023716699155295645
0 0.6608187134502924 0.6665042235217674 0.016812865497076022 0.03183885640025991
0 0.7940423976608187 0.054743339831059126 0.024305555555555556 0.04808317089018843
0 0.2577668128654971 0.7667316439246263 0.016264619883040937 0.028265107212475632
0 0.04349415204678363 0.9840805717998701 0.03070175438596491 0.03183885640025991
0 0.1179641812865497 0.3107537361923327 0.019005847953216373 0.028589993502274202
0 0.7819809941520468 0.7781026640675763 0.012609649122807017 0.024366471734892786
0 0.33342470760233917 0.33398310591293046 0.012975146198830409 0.022742040285899934
0 0.3296783625730994 0.5103963612735543 0.015533625730994151 0.025016244314489927
0 0.7003837719298246 0.44671864847303444 0.04203216374269006 0.0649772579597141
0 0.4001279239766082 0.5284275503573749 0.01644736842105263 0.031189083820662766
0 0.015076754385964912 0.45938921377517866 0.023757309941520467 0.03346328784925276
0 0.2377558479532164 0.09697855750487329 0.018092105263157895 0.03281351526965562
0 0.43110380116959063 0.9376218323586745 0.010416666666666666 0.025016244314489927
0 0.5211988304093568 0.7433398310591293 0.011878654970760233 0.021442495126705652
0 0.26224415204678364 0.5891812865497076 0.019554093567251463 0.02696556205328135
0 0.4278143274853801 0.44217024041585445 0.01516812865497076 0.030539311241065625
0 0.006304824561403508 0.27712800519818065 0.012609649122807017 0.028265107212475632
0 0.9826388888888888 0.10640025990903183 0.02503654970760234 0.036387264457439894
0 0.7781432748538012 0.6328784925276153 0.01864035087719298 0.03183885640025991
0 0.8385416666666666 0.6174463937621832 0.03289473684210526 0.0627030539311241
0 0.1926169590643275 0.9860298895386614 0.027595029239766082 0.02794022092267706
0 0.25201023391812866 0.7358674463937622 0.021747076023391813 0.04191033138401559
0 0.690515350877193 0.6153346328784925 0.014985380116959063 0.025666016894087068
0 0.1316703216374269 0.708414554905783 0.03234649122807018 0.04223521767381416
0 0.6778143274853801 0.2969460688758934 0.014437134502923976 0.02761533463287849
0 0.12362938596491228 0.3469785575048733 0.027046783625730993 0.03541260558804418
0 0.030062134502923978 0.23538011695906433 0.017178362573099414 0.02696556205328135
0 0.5925621345029239 0.07244964262508122 0.015716374269005847 0.03151397011046134
0 0.12627923976608188 0.9473684210526315 0.015350877192982455 0.02696556205328135
0 0.7376644736842105 0.5781351526965562 0.022112573099415205 0.03898635477582846
0 0.5328033625730995 0.4101689408706953 0.018457602339181287 0.03248862897985705
0 0.0709356725146199 0.060370370370370366 0.026809210526315786 0.03845679012345679
0 0.4777046783625731 0.36094866796621183 0.012609649122807017 0.02014294996751137
0 0.05765716374269006 0.06676413255360623 0.02503654970760234 0.037361923326835605
0 0.49022295321637427 0.45532813515269654 0.015716374269005847 0.028914879792072773
0 0.20495248538011696 0.7855750487329435 0.01699561403508772 0.029239766081871343
0 0.5570175438596491 0.8190383365821963 0.012609649122807017 0.022417153996101363
0 0.17388523391812866 0.11923326835607537 0.021929824561403508 0.037686809616634176
0 0.7033077485380117 0.6223196881091618 0.019554093567251463 0.03183885640025991
0 0.8429276315789473 0.16358024691358025 0.023574561403508772 0.04093567251461988
0 0.14153874269005848 0.8416179337231969 0.022478070175438597 0.03476283300844704
0 0.42872807017543857 0.2537361923326836 0.017543859649122806 0.03443794671864847
0 0.6277412280701754 0.7033788174139052 0.013523391812865496 0.02599090318388564
0 0.25941154970760233 0.5331384015594542 0.022112573099415205 0.036712150747238464
0 0.2703764619883041 0.1453866146848603 0.01827485380116959 0.03476283300844704
0 0.5587536549707602 0.4600389863547758 0.012244152046783625 0.018843404808317088
0 0.7002010233918129 0.361598440545809 0.015350877192982455 0.02696556205328135
0 0.8453033625730995 0.014944769330734242 0.019736842105263157 0.029889538661468484
0 0.527046783625731 0.11760883690708251 0.027412280701754384 0.038011695906432746
0 0.0954861111111111 0.5012995451591943 0.02138157894736842 0.036712150747238464
0 0.009228801169590644 0.2024041585445094 0.01827485380116959 0.04256010396361273
0 0.8398209064327485 0.29840805717998703 0.023940058479532164 0.03866146848602989
0 0.8227339181286549 0.021929824561403508 0.019919590643274854 0.03573749187784275
0 0.7266081871345029 0.23619233268356074 0.01699561403508772 0.02599090318388564
0 0.7393092105263158 0.7082521117608837 0.015716374269005847 0.025666016894087068
0 0.1232638888888889 0.5960038986354775 0.020650584795321638 0.03313840155945419
0 0.19773391812865498 0.36371020142949967 0.017909356725146198 0.024041585445094216
0 0.23017178362573099 0.150909681611436 0.018457602339181287 0.03346328784925276
0 0.6212536549707602 0.8512020792722547 0.016264619883040937 0.03346328784925276
0 0.09996345029239766 0.9592267706302794 0.014985380116959063 0.024041585445094216
0 0.7319078947368421 0.2699805068226121 0.020650584795321638 0.03833658219623132
0 0.5062134502923976 0.8970110461338532 0.014071637426900584 0.02599090318388564
0 0.4166666666666667 0.15497076023391812 0.027412280701754384 0.03833658219623132
0 0.007675438596491228 0.9307992202729045 0.015350877192982455 0.0451591942820013
0 0.5925621345029239 0.9935022742040286 0.012244152046783625 0.01299545159194282
0 0.6309393274853801 0.1356400259909032 0.018092105263157895 0.030539311241065625
0 0.6013450292397661 0.527719298245614 0.015487938596491228 0.028174139051332033
0 0.6060855263157895 0.9182910981156596 0.014071637426900584 0.024041585445094216
0 0.7040387426900585 0.9423326835607537 0.017909356725146198 0.030214424951267055
0 0.4971673976608187 0.655458089668616 0.015350877192982455 0.030539311241065625
0 0.4045138888888889 0.17884990253411306 0.013157894736842105 0.02664067576348278
0 0.751827485380117 0.7285575048732943 0.018457602339181287 0.030214424951267055
0 0.015442251461988304 0.2852501624431449 0.019736842105263157 0.03248862897985705
0 0.7494517543859649 0.9610136452241715 0.02905701754385965 0.04580896686159844
0 0.8903508771929824 0.2379792072774529 0.019554093567251463 0.03313840155945419
0 0.720577485380117 0.03183885640025991 0.01864035087719298 0.03476283300844704
0 0.4510233918128655 0.8539636127355426 0.01516812865497076 0.029239766081871343
0 0.636421783625731 0.15383365821962314 0.017361111111111112 0.028589993502274202
0 0.4141081871345029 0.030539311241065625 0.02320906432748538 0.0396361273554256
0 0.37052266081871343 0.38953866146848604 0.015350877192982455 0.031189083820662766
0 0.6871345029239766 0.44834307992202727 0.01608187134502924 0.029564652371669914
0 0.718110380116959 0.9520792722547109 0.019736842105263157 0.028914879792072773
0 0.10434941520467836 0.30003248862897985 0.021198830409356724 0.037037037037037035
0 0.5875365497076024 0.3651721897335932 0.0133406432748538 0.025341130604288498
0 0.5956688596491229 0.350227420402859 0.01608187134502924 0.02599090318388564
0 0.49954312865497075 0.2875243664717349 0.014437134502923976 0.028914879792072773
0 0.48218201754385964 0.2235217673814165 0.01663011695906433 0.028589993502274202
0 0.6957236842105263 0.5867446393762183 0.013523391812865496 0.024691358024691357
0 0.48254751461988304 0.005523066926575698 0.020650584795321638 0.011046133853151396
0 0.09804459064327485 0.03996101364522417 0.024305555555555556 0.037686809616634176
0 0.5406615497076024 0.4767706302794022 0.015899122807017545 0.02599090318388564
0 0.3084795321637427 0.23294346978557504 0.013523391812865496 0.022742040285899934
0 0.9031432748538012 0.09746588693957114 0.021564327485380116 0.037361923326835605
0 0.617781432748538 0.33804418453541263 0.010964912280701754 0.029239766081871343
0 0.1841191520467836 0.3451916829109812 0.0222953216374269 0.03573749187784275
0 0.844389619883041 0.05198180636777128 0.01699561403508772 0.02696556205328135
0 0.7981542397660819 0.6085120207927226 0.01644736842105263 0.02631578947368421
0 0.5101425438596491 0.7366796621182586 0.013888888888888888 0.029239766081871343
0 0.62984283625731 0.010883690708252111 0.019005847953216373 0.021767381416504222
0 0.6039839181286549 0.9028589993502274 0.012609649122807017 0.025016244314489927
0 0.8758114035087718 0.18686809616634176 0.013762792397660819 0.033667966211825856
0 0.7775950292397661 0.2772904483430799 0.020285087719298246 0.023716699155295645
0 0.582328216374269 0.4126055880441845 0.019371345029239765 0.02761533463287849
0 0.1579861111111111 0.11614684860298895 0.028143274853801168 0.049707602339181284
0 0.2924890350877193 0.17446393762183235 0.016812865497076022 0.029564652371669914
0 0.1272843567251462 0.7727420402859 0.016812865497076022 0.02664067576348278
0 0.5158991228070176 0.8151397011046134 0.015716374269005847 0.029239766081871343
0 0.2122624269005848 0.3966861598440546 0.019736842105263157 0.03378817413905133
0 0.5499817251461988 0.3005198180636777 0.014985380116959063 0.025341130604288498
0 0.8072916666666666 0.1674788823911631 0.019736842105263157 0.0341130604288499
0 0.07401315789473684 0.20354126055880442 0.027960526315789474 0.04483430799220273
0 0.3639437134502924 0.8328460038986355 0.017178362573099414 0.03216374269005848
0 0.1736111111111111 0.6561078622482132 0.014437134502923976 0.02631578947368421
0 0.10983187134502924 0.6138726445743989 0.021198830409356724 0.03833658219623132
0 0.02823464912280702 0.08853151397011046 0.022478070175438597 0.02794022092267706
0 0.792671783625731 0.5121832358674464 0.025767543859649123 0.043534762833008445
0 0.09420687134502924 0.9936647173489279 0.02284356725146199 0.012670565302144249
0 0.2888340643274854 0.7483755685510072 0.013888888888888888 0.023716699155295645
0 0.9247989766081871 0.29922027290448344 0.019371345029239765 0.030539311241065625
0 0.18494152046783627 0.3937621832358674 0.014985380116959063 0.024366471734892786
0 0.4712171052631579 0.3987979207277453 0.01644736842105263 0.03216374269005848
0 0.6205226608187134 0.6593567251461988 0.015899122807017545 0.028265107212475632
0 0.14445723684210526 0.8214327485380116 0.0281140350877193 0.03158544509421703
0 0.30217470760233917 0.3677712800519818 0.015899122807017545 0.02794022092267706
0 0.2563048245614035 0.6897335932423652 0.02138157894736842 0.029889538661468484
0 0.716374269005848 0.6135477582846004 0.011330409356725146 0.02111760883690708
0 0.21564327485380116 0.5155945419103314 0.02320906432748538 0.037037037037037035
0 0.046692251461988306 0.8260233918128655 0.023391812865497075 0.03476283300844704
0 0.1789108187134503 0.851364522417154 0.0133406432748538 0.0198180636777128
0 0.08397295321637427 0.32862248213125406 0.02138157894736842 0.02794022092267706
0 0.07017543859649122 0.09584145549057829 0.031432748538011694 0.04548408057179987
0 0.035910087719298246 0.5224171539961013 0.013888888888888888 0.017868745938921377
0 0.2507309941520468 0.2839506172839506 0.019919590643274854 0.03183885640025991
0 0.1737938596491228 0.8188758934372969 0.014619883040935672 0.023066926575698504
0 0.6952668128654971 0.19525666016894086 0.01882309941520468 0.030539311241065625
0 0.5701754385964912 0.6190708252111761 0.015899122807017545 0.030864197530864196
0 0.5831505847953217 0.4358349577647823 0.01516812865497076 0.029889538661468484
0 0.5998720760233918 0.23408057179987005 0.017909356725146198 0.02664067576348278
0 0.28810307017543857 0.305230669265757 0.01699561403508772 0.029564652371669914
0 0.07995248538011696 0.7904483430799221 0.022478070175438597 0.0341130604288499
0 0.856999269005848 0.02322936972059779 0.01864035087719298 0.029889538661468484
0 0.0400219298245614 0.15464587394411955 0.01918859649122807 0.031189083820662766
0 0.39747807017543857 0.8533138401559455 0.012975146198830409 0.025341130604288498
0 0.8208150584795322 0.20679012345679013 0.01608187134502924 0.02631578947368421
0 0.3199013157894737 0.539311241065627 0.013706140350877192 0.0198180636777128
0 0.2703764619883041 0.7547108512020793 0.01882309941520468 0.03573749187784275
0 0.39437134502923976 0.8320337881741391 0.01644736842105263 0.025666016894087068
0 0.15944809941520469 0.45289148797920725 0.021747076023391813 0.03216374269005848
0 0.04559576023391813 0.9098440545808967 0.02046783625730994 0.03346328784925276
0 0.18530701754385964 0.6991552956465237 0.011695906432748537 0.021442495126705652
0 0.3123172514619883 0.24512670565302144 0.016264619883040937 0.02729044834307992
0 0.46624451754385965 0.9881221572449643 0.02278508771929825 0.02375893437296946
0 0.06396198830409357 0.028914879792072773 0.01699561403508772 0.02696556205328135
0 0.7431469298245614 0.12930474333983105 0.030884502923976608 0.057504873294346975
0 0.7946820175438597 0.253411306042885 0.010782163742690058 0.01916829109811566
0 0.7383040935672515 0.8541260558804419 0.02138157894736842 0.03898635477582846
0 0.14117324561403508 0.05425601039636127 0.019736842105263157 0.03866146848602989
0 0.5579312865497076 0.6410006497725796 0.01644736842105263 0.02599090318388564
0 0.5469663742690059 0.6580571799870045 0.023757309941520467 0.044184535412605586
0 0.08092470760233918 0.7348310591293047 0.023408260233918128 0.029580896686159843
0 0.07829312865497076 0.01402534113060429 0.01782529239766082 0.028053931124106563
0 0.08065241228070175 0.0404775828460039 0.02184576023391813 0.02875893437296946
0 0.0880592105263158 0.07733268356075373 0.021365131578947368 0.02863872644574399
0 0.08961074561403509 0.19191033138401561 0.024029605263157897 0.032742040285899936
0 0.12537097953216375 0.6565464587394412 0.024597953216374268 0.04796946068875894
0 0.2508717105263158 0.3555295646523717 0.01800073099415205 0.03562378167641326
0 0.23990497076023393 0.40842430149447695 0.017737573099415205 0.04137426900584795
0 0.25281615497076027 0.6579824561403509 0.019791666666666666 0.04400584795321637
0 0.2812152777777778 0.7415984405458089 0.01716922514619883 0.035389863547758284
0 0.29915021929824565 0.966351526965562 0.014067982456140351 0.025077972709551657
0 0.26378289473684213 0.7368680961663417 0.023898026315789477 0.03711500974658869
0 0.31129568713450295 0.5164294996751136 0.017039473684210524 0.030578297595841457
0 0.29879934210526315 0.3018940870695257 0.0184375 0.036624431448992856
0 0.28252558479532164 0.11687134502923978 0.015160818713450291 0.026046133853151396
0 0.4120906432748538 0.012011046133853152 0.01712719298245614 0.023401559454191034
0 0.43199013157894733 0.5271020142949968 0.019530336257309943 0.03639376218323587
0 0.4301772660818713 0.507956465237167 0.0200968567251462 0.03351526965562053
0 0.4622898391812866 0.8328557504873295 0.014592470760233917 0.03149122807017544
0 0.4787828947368421 0.9726770630279402 0.013062865497076024 0.028404808317089022
0 0.34262244152046784 0.9171767381416505 0.018698830409356725 0.031114359974009097
0 0.5234356725146199 0.9217543859649122 0.014287280701754387 0.032816764132553605
0 0.6158625730994152 0.8253248862897985 0.014331140350877193 0.025207927225471088
0 0.6034978070175439 0.5646491228070175 0.023854166666666666 0.028219623131903834
0 0.6002211257309942 0.6128460038986354 0.01730080409356725 0.02389538661468486
0 0.5963980263157894 0.47427875243664713 0.020840643274853802 0.03632553606237817
0 0.6003088450292398 0.3667478882391163 0.013631213450292399 0.017748538011695906
0 0.5875730994152046 0.23408057179987005 0.012277046783625732 0.02698180636777128
0 0.5349908625730994 0.04032488628979857 0.01651498538011696 0.040880441845354124
0 0.6349981725146199 0.07682586094866796 0.014853801169590643 0.025925925925925925
0 0.6486312134502924 0.0770240415854451 0.017651681286549707 0.02728395061728395
0 0.6385380116959064 0.2197043534762833 0.015641447368421053 0.03904808317089019
0 0.6374451754385965 0.2571897335932424 0.016951754385964912 0.02659844054580897
0 0.6584612573099415 0.5185997400909682 0.029448099415204675 0.04361598440545809
0 0.6687280701754387 0.7570142949967512 0.017651681286549707 0.025828460038986353
0 0.6728782894736842 0.9137199480181936 0.01808845029239766 0.031663417803768676
0 0.7470650584795322 0.5583560753736192 0.022807017543859647 0.03365497076023392
0 0.7511074561403509 0.5835997400909682 0.014724049707602337 0.021494476933073423
0 0.7509978070175438 0.5114879792072774 0.01712719298245614 0.022560103963612736
0 0.7533351608187134 0.5302566601689409 0.016558845029239766 0.021569200779727096
0 0.7355957602339182 0.2950877192982456 0.027655336257309943 0.04487004548408058
0 0.8675420321637426 0.07885315139701105 0.017432383040935674 0.043996101364522415
0 0.8540423976608187 0.28934697855750485 0.02206323099415205 0.03312540610786224
0 0.858061038011696 0.3187102014294997 0.016122076023391812 0.014798570500324886
0 0.8565972222222222 0.3397985705003249 0.01800073099415205 0.02155945419103314
0 0.8752978801169591 0.24662768031189083 0.015553728070175438 0.03467836257309941
0 0.8845376461988304 0.1902696556205328 0.009480994152046784 0.026978557504873296
0 0.8891684941520467 0.15380441845354126 0.026608187134502925 0.03233918128654971
0 0.889780701754386 0.09823261858349579 0.01935489766081871 0.019990253411306044
0 0.8896929824561403 0.03084795321637427 0.016034356725146196 0.025035737491877843
0 0.8950456871345028 0.04409356725146199 0.016951754385964912 0.02729044834307992
0 0.9101626461988304 0.02516569200779727 0.022719298245614035 0.05033138401559454
0 0.9612792397660819 0.05461663417803769 0.020098684210526317 0.021000649772579597
0 0.9185508040935674 0.16562378167641326 0.019923245614035086 0.03671539961013645
0 0.9417068713450293 0.31293047433398313 0.024641812865497076 0.028096166341780377
0 0.9191630116959064 0.33172839506172835 0.02219480994152047 0.0246816114359974
0 0.9352631578947369 0.3466439246263808 0.02005482456140351 0.01660493827160494
0 0.9408552631578947 0.33141650422352176 0.02424890350877193 0.01598115659519168
0 0.9000694444444445 0.23745938921377518 0.016690423976608186 0.021933073424301498
0 0.7716136695906434 0.47376218323586744 0.013629385964912281 0.020503573749187785