0 0.6515899122807017 0.4236517218973359 0.039656432748538015 0.06887589343729694
0 0.5175438596491229 0.5670890188434048 0.031615497076023395 0.056530214424951264
0 0.7489035087719298 0.3174139051332034 0.04203216374269006 0.07472384665367121
0 0.52046783625731 0.6741390513320338 0.035818713450292396 0.06465237166991553
0 0.426078216374269 0.5943794671864847 0.04203216374269006 0.07472384665367121
0 0.5707236842105263 0.23602988953866147 0.039473684210526314 0.06952566601689408
0 0.7192982456140351 0.3317089018843405 0.03673245614035088 0.06367771280051981
0 0.7357456140350878 0.3669590643274854 0.038559941520467836 0.06855100714749837
0 0.6233552631578947 0.5404483430799221 0.037463450292397664 0.06627680311890838
0 0.5557383040935673 0.4437946718648473 0.03435672514619883 0.06107862248213125
0 0.6413559941520468 0.933885640025991 0.03179824561403509 0.05490578297595841
0 0.4805372807017544 0.7542235217673814 0.03527046783625731 0.06432748538011696
0 0.5972222222222222 0.6208576998050682 0.04239766081871345 0.07407407407407407
0 0.8629385964912281 0.5873944119558154 0.04258040935672515 0.07569850552306692
0 0.7838084795321637 0.43323586744639375 0.0447733918128655 0.07959714100064977
0 0.6705957602339181 0.6944444444444444 0.03764619883040936 0.0682261208576998
0 0.5226608187134503 0.2654320987654321 0.04075292397660819 0.07407407407407407
0 0.42297149122807015 0.4725471085120208 0.044407894736842105 0.08057179987004548
0 0.5106907894736842 0.4714100064977258 0.033625730994152045 0.06172839506172839
0 0.7776864035087719 0.7413905133203379 0.03490497076023392 0.0627030539311241
0 0.7653508771929824 0.7132878492527616 0.03983918128654971 0.06952566601689408
0 0.5469663742690059 0.7024041585445094 0.041301169590643276 0.07309941520467836
0 0.7105263157894737 0.673164392462638 0.03527046783625731 0.06465237166991553
0 0.9441703216374269 0.5602664067576348 0.03527046783625731 0.06140350877192982
0 0.4963450292397661 0.1674788823911631 0.04294590643274854 0.07732293697205977
0 0.46034356725146197 0.41114359974009096 0.0403874269005848 0.07212475633528265
0 0.9064327485380117 0.922514619883041 0.03929093567251462 0.06692657569850552
0 0.7443347953216374 0.5722871994801819 0.03234649122807018 0.057829759584145546
0 0.6483004385964912 0.554093567251462 0.04203216374269006 0.07537361923326835
0 0.605171783625731 0.8271604938271605 0.03527046783625731 0.06205328135152696
0 0.8421966374269005 0.5008122157244964 0.03673245614035088 0.06465237166991553
0 0.5597587719298246 0.6086744639376218 0.03216374269005848 0.057504873294346975
0 0.4786184210526316 0.4801819363222872 0.03654970760233918 0.06465237166991553
0 0.7232273391812866 0.29256010396361276 0.0403874269005848 0.07212475633528265
0 0.9141081871345029 0.39441195581546457 0.034722222222222224 0.06010396361273554
0 0.45020102339181284 0.46669915529564654 0.04075292397660819 0.07115009746588694
0 0.4838267543859649 0.7274204028589993 0.02722953216374269 0.04905782975958414
0 0.6355994152046783 0.8463287849252762 0.029605263157894735 0.05198180636777128
0 0.7599597953216374 0.7951591942820013 0.03307748538011696 0.057504873294346975
0 0.6750730994152047 0.7449642625081222 0.037463450292397664 0.06725146198830409
0 0.7443347953216374 0.27956465237166994 0.03654970760233918 0.06530214424951267
0 0.7531980994152047 0.3901884340480832 0.03837719298245614 0.06855100714749837
0 0.560124269005848 0.51364522417154 0.03709795321637427 0.06302794022092267
0 0.6487573099415205 0.7124756335282652 0.033625730994152045 0.05977907732293697
0 0.602156432748538 0.6621182586094867 0.04111842105263158 0.07244964262508122
0 0.6555190058479532 0.2772904483430799 0.03709795321637427 0.06530214424951267
0 0.6584429824561403 0.18144899285250163 0.04203216374269006 0.07244964262508122
0 0.6504020467836257 0.6525341130604289 0.0445906432748538 0.07732293697205977
0 0.5481542397660819 0.5417478882391163 0.03618421052631579 0.06660168940870695
0 0.7444261695906432 0.4306367771280052 0.031067251461988302 0.05555555555555555
0 0.9103618421052632 0.5172189733593242 0.03983918128654971 0.0737491877842755
0 0.9428910818713451 0.7985705003248863 0.035818713450292396 0.06530214424951267
0 0.6885964912280702 0.7126380766731644 0.03289473684210526 0.057504873294346975
0 0.5074926900584795 0.5898310591293048 0.03033625730994152 0.05360623781676413
0 0.8921783625730995 0.5133203378817414 0.03125 0.05523066926575698
0 0.5854349415204678 0.3084795321637427 0.04696637426900585 0.08414554905782975
0 0.6643823099415205 0.5071474983755686 0.04258040935672515 0.07407407407407407
0 0.6261878654970761 0.18112410656270306 0.03618421052631579 0.0649772579597141
0 0.23309576023391812 0.7620207927225471 0.03782894736842105 0.06530214424951267
0 0.8376279239766082 0.14782326185834957 0.04203216374269006 0.07407407407407407
0 0.6070906432748538 0.8611111111111112 0.035818713450292396 0.06205328135152696
0 0.7110745614035088 0.5448343079922028 0.04057017543859649 0.07277452891487979
0 0.5281432748538012 0.1499350227420403 0.04276315789473684 0.07472384665367121
0 0.8854166666666666 0.31432748538011696 0.036366959064327485 0.06725146198830409
0 0.6264619883040936 0.6385640025990903 0.03307748538011696 0.058154645873944116
0 0.5109649122807017 0.5155945419103314 0.029239766081871343 0.050682261208576995
0 0.5445906432748538 0.751137102014295 0.031980994152046784 0.056855100714749834
0 0.6825657894736842 0.7857374918778428 0.02850877192982456 0.051332033788174136
0 0.5300621345029239 0.4803443794671865 0.0360014619883041 0.06367771280051981
0 0.5403874269005848 0.31562703053931124 0.03545321637426901 0.06237816764132553
0 0.9202302631578947 0.28979857050032487 0.0356359649122807 0.06075373619233268
0 0.7967836257309941 0.802956465237167 0.03782894736842105 0.06627680311890838
0 0.4138340643274854 0.6583820662768031 0.04751461988304093 0.08057179987004548
0 0.8627558479532164 0.7498375568551007 0.03508771929824561 0.06335282651072124
0 0.808296783625731 0.6371020142949968 0.03435672514619883 0.06335282651072124
0 0.6557017543859649 0.47498375568551005 0.039656432748538015 0.07017543859649122
0 0.3633954678362573 0.4813190383365822 0.03983918128654971 0.07017543859649122
0 0.5675255847953217 0.9452566601689408 0.03234649122807018 0.057829759584145546
0 0.4975328947368421 0.057829759584145546 0.0266812865497076 0.04743339831059129
0 0.5206505847953217 0.6166341780376868 0.04842836257309942 0.08317089018843404
0 0.5257675438596491 0.5313515269655621 0.03527046783625731 0.0627030539311241
0 0.38898026315789475 0.4855425601039636 0.03764619883040936 0.0682261208576998
0 0.6509502923976608 0.9551656920077972 0.03399122807017544 0.05977907732293697
0 0.45668859649122806 0.5461338531513971 0.03837719298245614 0.06660168940870695
0 0.38358918128654973 0.1166341780376868 0.04258040935672515 0.07244964262508122
0 0.31359649122807015 0.8596491228070176 0.038011695906432746 0.06855100714749837
0 0.9544956140350878 0.7714424951267057 0.03782894736842105 0.0682261208576998
0 0.322733918128655 0.9023716699155295 0.03344298245614035 0.05912930474333983
0 0.8870614035087719 0.8953866146848602 0.03453947368421053 0.06042884990253411
0 0.5773026315789473 0.6354775828460039 0.031067251461988302 0.05490578297595841
0 0.78609283625731 0.7110136452241715 0.030884502923976608 0.05588044184535412
0 0.6997441520467836 0.29028589993502274 0.03819444444444445 0.06660168940870695
0 0.631578947368421 0.8055555555555556 0.03782894736842105 0.06952566601689408
0 0.2911184210526316 0.8572124756335283 0.03326023391812866 0.057829759584145546
0 0.85453216374269 0.6213450292397661 0.0356359649122807 0.06660168940870695
0 0.6599049707602339 0.3521767381416504 0.03654970760233918 0.0627030539311241
0 0.7867324561403509 0.29922027290448344 0.03874269005847953 0.06757634827810266
0 0.7870065789473685 0.8297595841455491 0.03344298245614035 0.05880441845354126
0 0.9407894736842105 0.6388888888888888 0.042214912280701754 0.07472384665367121
0 0.759046052631579 0.43567251461988304 0.029239766081871343 0.05360623781676413
0 0.18110380116959066 0.03622482131254061 0.044956140350877194 0.07212475633528265
0 0.38569078947368424 0.44785575048732945 0.03709795321637427 0.0649772579597141
0 0.7179276315789473 0.3973359324236517 0.04331140350877193 0.07829759584145549
0 0.5959429824561403 0.18209876543209877 0.03033625730994152 0.05263157894736842
0 0.25977704678362573 0.838856400259909 0.031980994152046784 0.05555555555555555
0 0.8942799707602339 0.7204353476283301 0.04349415204678363 0.07472384665367121
0 0.67671783625731 0.6340155945419104 0.04148391812865497 0.07309941520467836
0 0.983735380116959 0.2962962962962963 0.03252923976608187 0.06432748538011696
0 0.8507858187134503 0.36728395061728397 0.04258040935672515 0.07634827810266406
0 0.4461805555555556 0.5846328784925277 0.03326023391812866 0.06335282651072124
0 0.8441154970760234 0.6874593892137751 0.039656432748538015 0.06692657569850552
0 0.918859649122807 0.3281351526965562 0.03545321637426901 0.06205328135152696
0 0.5170869883040936 0.3031189083820663 0.03618421052631579 0.06400259909031839
0 0.45568347953216376 0.8042560103963613 0.03654970760233918 0.06855100714749837
0 0.5479714912280702 0.4018843404808317 0.03344298245614035 0.05912930474333983
0 0.8994883040935673 0.2945094217024042 0.03289473684210526 0.05912930474333983
0 0.36211622807017546 0.5821962313190383 0.03874269005847953 0.06790123456790123
0 0.8126827485380117 0.7576348278102664 0.034722222222222224 0.06205328135152696
0 0.8370796783625731 0.6125730994152047 0.033625730994152045 0.06107862248213125
0 0.8226425438596491 0.44623131903833657 0.033808479532163746 0.06107862248213125
0 0.6085526315789473 0.7111760883690709 0.030884502923976608 0.05490578297595841
0 0.5123355263157895 0.8416179337231969 0.03983918128654971 0.0682261208576998
0 0.6037097953216374 0.783625730994152 0.04294590643274854 0.07537361923326835
0 0.44883040935672514 0.6176088369070826 0.03545321637426901 0.06205328135152696
0 0.7577668128654971 0.23602988953866147 0.03764619883040936 0.06757634827810266
0 0.49433479532163743 0.2629954515919428 0.03490497076023392 0.06172839506172839
0 0.7085160818713451 0.7582846003898636 0.04513888888888889 0.08122157244964262
0 0.5561951754385965 0.9744964262508122 0.029788011695906433 0.050682261208576995
0 0.9258954678362573 0.6963937621832359 0.026498538011695907 0.043534762833008445
0 0.41831140350877194 0.7076023391812866 0.04842836257309942 0.07732293697205977
0 0.6197002923976608 0.7290448343079922 0.028691520467836257 0.050682261208576995
0 0.7647112573099415 0.8596491228070176 0.03289473684210526 0.05847953216374269
0 0.22341008771929824 0.8417803768680961 0.04349415204678363 0.07342430149447693
0 0.8161549707602339 0.5282651072124757 0.03764619883040936 0.06790123456790123
0 0.24214181286549707 0.6801494476933073 0.02101608187134503 0.03996101364522417
0 0.7754934210526315 0.4801819363222872 0.0400219298245614 0.07082521117608837
0 0.7405884502923976 0.604775828460039 0.03307748538011696 0.06075373619233268
0 0.5880847953216374 0.5932423651721898 0.034722222222222224 0.06107862248213125
0 0.733735380116959 0.5060103963612735 0.03618421052631579 0.06335282651072124
0 0.8538011695906432 0.44184535412605586 0.03929093567251462 0.06627680311890838
0 0.9804459064327485 0.4615009746588694 0.03892543859649123 0.07244964262508122
0 0.8938230994152047 0.44639376218323584 0.03307748538011696 0.05880441845354126
0 0.5414839181286549 0.9312865497076024 0.041666666666666664 0.0737491877842755
0 0.5529057017543859 0.47644574398960365 0.030519005847953216 0.0539311241065627
0 0.7218567251461988 0.1133853151397011 0.04148391812865497 0.07212475633528265
0 0.4922331871345029 0.11273554256010396 0.044042397660818716 0.07862248213125406
0 0.6389802631578947 0.741585445094217 0.026885964912280704 0.053053931124106564
0 0.2532894736842105 0.7319688109161794 0.030519005847953216 0.05458089668615984
0 0.741593567251462 0.7651072124756335 0.03326023391812866 0.06075373619233268
0 0.8138706140350878 0.27582846003898637 0.0402046783625731 0.0737491877842755
0 0.16904239766081872 0.9692982456140351 0.034173976608187134 0.06042884990253411
0 0.24342105263157895 0.816114359974009 0.03307748538011696 0.05880441845354126
0 0.46582602339181284 0.03232618583495776 0.04312865497076023 0.06465237166991553
0 0.426078216374269 0.4277128005198181 0.04203216374269006 0.07407407407407407
0 0.6462902046783626 0.03541260558804418 0.0400219298245614 0.06952566601689408
0 0.894828216374269 0.6876218323586745 0.04312865497076023 0.07277452891487979
0 0.6969115497076024 0.36062378167641324 0.04751461988304093 0.0847953216374269
0 0.6179641812865497 0.5919428200129955 0.030519005847953216 0.0539311241065627
0 0.6609100877192983 0.1388888888888889 0.0447733918128655 0.07797270955165692
0 0.2661732456140351 0.7045159194282001 0.04148391812865497 0.06985055230669265
0 0.21619152046783627 0.28135152696556204 0.028143274853801168 0.05230669265756985
0 0.11942616959064327 0.4083820662768031 0.03709795321637427 0.06530214424951267
0 0.5055738304093568 0.7727420402859 0.027960526315789474 0.048408057179987
0 0.7023940058479532 0.8599740090968161 0.03527046783625731 0.06042884990253411
0 0.8489583333333334 0.2953216374269006 0.04093567251461988 0.07634827810266406
0 0.5507127192982456 0.7940220922677063 0.0445906432748538 0.07797270955165692
0 0.1927997076023392 0.9074074074074074 0.0222953216374269 0.03866146848602989
0 0.8578216374269005 0.23148148148148148 0.04842836257309942 0.08544509421702404
0 0.32474415204678364 0.826835607537362 0.041301169590643276 0.07244964262508122
0 0.38788377192982454 0.4101689408706953 0.034722222222222224 0.06140350877192982
0 0.4810855263157895 0.4137426900584795 0.0360014619883041 0.06530214424951267
0 0.25301535087719296 0.3062053281351527 0.03252923976608187 0.05977907732293697
0 0.7720211988304093 0.5695256660168941 0.033808479532163746 0.06075373619233268
0 0.7917580409356725 0.2564977257959714 0.04148391812865497 0.07115009746588694
0 0.3824013157894737 0.5547433398310592 0.04294590643274854 0.07797270955165692
0 0.8350365497076023 0.7650974658869395 0.03456140350877193 0.04460688758934373
0 0.4761513157894737 0.08187134502923976 0.04641812865497076 0.08349577647823261
0 0.8957419590643275 0.1366146848602989 0.03673245614035088 0.06367771280051981
0 0.15250365497076024 0.6780376868096166 0.04093567251461988 0.07309941520467836
0 0.07757675438596491 0.48099415204678364 0.0445906432748538 0.07797270955165692
0 0.5518092105263158 0.8378817413905133 0.03709795321637427 0.06465237166991553
0 0.7757675438596491 0.0792722547108512 0.034173976608187134 0.05880441845354126
0 0.16319444444444445 0.8971734892787524 0.03892543859649123 0.07115009746588694
0 0.05052997076023392 0.7496751137102015 0.03728070175438596 0.06627680311890838
0 0.2509137426900585 0.6364522417153996 0.03179824561403509 0.057179987004548405
0 0.21948099415204678 0.12589343729694608 0.030519005847953216 0.05847953216374269
0 0.2963267543859649 0.8984730344379467 0.039656432748538015 0.07017543859649122
0 0.13943713450292397 0.4026965562053281 0.030884502923976608 0.05165692007797271
0 0.5345394736842105 0.4317738791423002 0.03125 0.056530214424951264
0 0.8897112573099415 0.8447043534762833 0.030153508771929825 0.0539311241065627
0 0.8283077485380117 0.8328460038986355 0.0400219298245614 0.07309941520467836
0 0.951297514619883 0.20743989603638727 0.044407894736842105 0.08284600389863547
0 0.37941703216374273 0.7621117608836908 0.0297094298245614 0.06300844704353477
0 0.4448099415204678 0.3705328135152697 0.039656432748538015 0.06887589343729694
0 0.08744517543859649 0.2998700454840806 0.04422514619883041 0.07407407407407407
0 0.5086805555555556 0.9540285899935023 0.036366959064327485 0.06465237166991553
0 0.09557748538011696 0.7646198830409356 0.0403874269005848 0.07017543859649122
0 0.5569261695906432 0.33723196881091616 0.033625730994152045 0.05977907732293697
0 0.41673976608187135 0.1480051981806368 0.04316337719298246 0.07402858999350227
0 0.5707236842105263 0.0682261208576998 0.03654970760233918 0.06400259909031839
0 0.09758771929824561 0.45207927225471084 0.030153508771929825 0.049707602339181284
0 0.4153874269005848 0.7521117608836907 0.03307748538011696 0.057504873294346975
0 0.45184576023391815 0.498862897985705 0.036915204678362575 0.06400259909031839
0 0.8070175438596491 0.7103638726445743 0.03344298245614035 0.05977907732293697
0 0.13706140350877194 0.9476933073424302 0.04312865497076023 0.07537361923326835
0 0.0914656432748538 0.6622807017543859 0.039108187134502925 0.0682261208576998
0 0.8296783625730995 0.9317738791423001 0.04057017543859649 0.07342430149447693
0 0.3622076023391813 0.07277452891487979 0.047697368421052634 0.08154645873944119
0 0.6547880116959064 0.2236842105263158 0.03453947368421053 0.06075373619233268
0 0.7314510233918129 0.4710851202079272 0.041301169590643276 0.07212475633528265
0 0.6369700292397661 0.6908706952566601 0.03307748538011696 0.0594541910331384
0 0.9609831871345029 0.45532813515269654 0.02905701754385965 0.05198180636777128
0 0.2696454678362573 0.7504873294346979 0.04258040935672515 0.07537361923326835
0 0.9781615497076024 0.7699805068226121 0.04057017543859649 0.07472384665367121
0 0.9439875730994152 0.1268680961663418 0.04842836257309942 0.08641975308641975
0 0.7601425438596491 0.18356075373619232 0.03399122807017544 0.05977907732293697
0 0.8658625730994152 0.3226120857699805 0.03819444444444445 0.06757634827810266
0 0.28207236842105265 0.37361923326835605 0.04952485380116959 0.0825211176088369
0 0.9204130116959064 0.672514619883041 0.025219298245614034 0.043209876543209874
0 0.15826023391812866 0.7506497725795972 0.051535087719298246 0.08999350227420402
0 0.8965643274853801 0.7896361273554257 0.049707602339181284 0.08706952566601689
0 0.125 0.8614359974009097 0.04678362573099415 0.0792722547108512
0 0.05025584795321637 0.5568551007147499 0.03618421052631579 0.06205328135152696
0 0.34438961988304095 0.6250812215724496 0.046052631578947366 0.07667316439246263
0 0.18896198830409358 0.8728070175438597 0.03179824561403509 0.050682261208576995
0 0.5525402046783626 0.6375893437296946 0.0356359649122807 0.0627030539311241
0 0.45668859649122806 0.6596816114359974 0.039108187134502925 0.06887589343729694
0 0.1162280701754386 0.6353151397011046 0.030519005847953216 0.05360623781676413
0 0.16447368421052633 0.23700454840805718 0.04806286549707602 0.08414554905782975
0 0.13898026315789475 0.43567251461988304 0.04111842105263158 0.0682261208576998
0 0.37682748538011696 0.38580246913580246 0.03654970760233918 0.0649772579597141
0 0.7341008771929824 0.9395711500974658 0.03618421052631579 0.06562703053931124
0 0.3580043859649123 0.41569200779727095 0.039473684210526314 0.06855100714749837
0 0.4799890350877193 0.6715399610136452 0.02942251461988304 0.051007147498375566
0 0.6247258771929824 0.310916179337232 0.04203216374269006 0.07537361923326835
0 0.8898026315789473 0.4837556855100715 0.029239766081871343 0.050682261208576995
0 0.35014619883040937 0.851364522417154 0.047149122807017545 0.08024691358024691
0 0.48601973684210525 0.3742690058479532 0.03289473684210526 0.057179987004548405
0 0.43283991228070173 0.9363222871994802 0.031067251461988302 0.05425601039636127
0 0.4538559941520468 0.9537037037037037 0.039108187134502925 0.0705003248862898
0 0.3325109649122807 0.9743339831059129 0.03234649122807018 0.051332033788174136
0 0.7753106725146199 0.5186809616634178 0.04678362573099415 0.0825211176088369
0 0.19051535087719298 0.8437296946068876 0.02722953216374269 0.04483430799220273
0 0.8883406432748538 0.9431448992852501 0.03892543859649123 0.06790123456790123
0 0.6131213450292398 0.24740090968161144 0.039473684210526314 0.07115009746588694
0 0.21673976608187134 0.9082196231319039 0.04367690058479532 0.07569850552306692
0 0.5566520467836257 0.7293697205977908 0.03234649122807018 0.057504873294346975
0 0.6405336257309941 0.9075698505523067 0.03307748538011696 0.057829759584145546
0 0.2550255847953216 0.889538661468486 0.037463450292397664 0.06855100714749837
0 0.42233187134502925 0.24951267056530213 0.03764619883040936 0.06790123456790123
0 0.7126279239766082 0.25308641975308643 0.03837719298245614 0.06660168940870695
0 0.9102704678362573 0.5537686809616634 0.036915204678362575 0.06140350877192982
0 0.8117690058479532 0.36062378167641324 0.0447733918128655 0.07992202729044834
0 0.2033077485380117 0.22514619883040934 0.04075292397660819 0.07667316439246263
0 0.2238669590643275 0.966374269005848 0.04532163742690058 0.06725146198830409
0 0.9696637426900585 0.5532813515269656 0.03782894736842105 0.0649772579597141
0 0.05555555555555555 0.27582846003898637 0.04203216374269006 0.07115009746588694
0 0.1613669590643275 0.38937621832358676 0.03033625730994152 0.05165692007797271
0 0.3433845029239766 0.7974333983105913 0.047149122807017545 0.08219623131903833
0 0.29102704678362573 0.48846653671215073 0.04312865497076023 0.07504873294346978
0 0.2893823099415205 0.9798570500324886 0.0360014619883041 0.04028589993502274
0 0.3430190058479532 0.040448343079922025 0.051900584795321635 0.08024691358024691
0 0.6011531432748538 0.13953866146848604 0.040217470760233916 0.07149447693307343
0 0.7404970760233918 0.1783625730994152 0.0356359649122807 0.06237816764132553
0 0.763249269005848 0.7672189733593242 0.03399122807017544 0.06107862248213125
0 0.1599049707602339 0.567738791423002 0.03618421052631579 0.06302794022092267
0 0.48930921052631576 0.8653346328784925 0.03837719298245614 0.0682261208576998
0 0.6880482456140351 0.5053606237816765 0.03490497076023392 0.06367771280051981
0 0.4567799707602339 0.7683560753736193 0.027412280701754384 0.050357374918778425
0 0.3102156432748538 0.5323261858349577 0.04239766081871345 0.07537361923326835
0 0.8160635964912281 0.6044509421702404 0.03289473684210526 0.05847953216374269
0 0.935672514619883 0.1794996751137102 0.03527046783625731 0.06075373619233268
0 0.832328216374269 0.2235217673814165 0.03654970760233918 0.0649772579597141
0 0.04358552631578947 0.32439896036387267 0.04806286549707602 0.08414554905782975
0 0.057931286549707604 0.7829759584145549 0.029239766081871343 0.050032488628979854
0 0.6044426169590643 0.20289148797920728 0.03930372807017544 0.06532488628979857
0 0.7891995614035088 0.21929824561403508 0.03837719298245614 0.06530214424951267
0 0.987390350877193 0.2642949967511371 0.025219298245614034 0.06855100714749837
0 0.19188596491228072 0.6609811565951916 0.04696637426900585 0.08219623131903833
0 0.5201937134502924 0.11728395061728394 0.03782894736842105 0.06660168940870695
0 0.6663011695906432 0.10087719298245613 0.039108187134502925 0.06660168940870695
0 0.6199744152046783 0.6712150747238467 0.03234649122807018 0.05880441845354126
0 0.20924707602339182 0.04905782975958414 0.041666666666666664 0.07309941520467836
0 0.6575292397660819 0.8164392462638077 0.03983918128654971 0.07342430149447693
0 0.2887426900584795 0.4395711500974659 0.042214912280701754 0.07277452891487979
0 0.17790570175438597 0.3503898635477583 0.04806286549707602 0.08382066276803118
0 0.8364400584795322 0.09226770630279402 0.0537280701754386 0.09616634178037686
0 0.9778874269005848 0.595679012345679 0.04331140350877193 0.07244964262508122
0 0.8534356725146199 0.41163092917478883 0.03453947368421053 0.05588044184535412
0 0.8250182748538012 0.19444444444444445 0.041666666666666664 0.07472384665367121
0 0.8165204678362573 0.6840480831708902 0.028326023391812866 0.04938271604938271
0 0.8625730994152047 0.6596816114359974 0.037463450292397664 0.06432748538011696
0 0.672514619883041 0.9532163742690059 0.03654970760233918 0.06432748538011696
0 0.15177266081871346 0.35721247563352826 0.031980994152046784 0.056855100714749834
0 0.19334795321637427 0.444769330734243 0.044042397660818716 0.08284600389863547
0 0.02905701754385965 0.6739766081871345 0.04733187134502924 0.08024691358024691
0 0.05043859649122807 0.38628979857050033 0.048793859649122806 0.07862248213125406
0 0.12618786549707603 0.3526640675763483 0.04842836257309942 0.08284600389863547
0 0.019919590643274854 0.41244314489928524 0.03983918128654971 0.07569850552306692
0 0.2831688596491228 0.8318713450292398 0.039473684210526314 0.06660168940870695
0 0.18631213450292397 0.797270955165692 0.04349415204678363 0.07569850552306692
0 0.6345029239766082 0.22076023391812866 0.03326023391812866 0.056530214424951264
0 0.1511330409356725 0.4913905133203379 0.03179824561403509 0.05360623781676413
0 0.8462171052631579 0.5532813515269656 0.04312865497076023 0.07504873294346978
0 0.4123720760233918 0.5407732293697206 0.039473684210526314 0.07342430149447693
0 0.28609283625730997 0.17868745938921377 0.046600877192982455 0.0769980506822612
0 0.02860014619883041 0.7735542560103964 0.03983918128654971 0.07439896036387264
0 0.5319809941520468 0.7725795971410007 0.02905701754385965 0.050032488628979854
0 0.856359649122807 0.8797920727745289 0.04057017543859649 0.07017543859649122
0 0.7106176900584795 0.05669265756985055 0.046600877192982455 0.08609486679662118
0 0.6306652046783626 0.46718648473034435 0.03271198830409357 0.05912930474333983
0 0.07063230994152046 0.7516244314489928 0.03307748538011696 0.0594541910331384
0 0.2880116959064328 0.7933723196881092 0.049707602339181284 0.08674463937621832
0 0.17927631578947367 0.0935672514619883 0.041666666666666664 0.07569850552306692
0 0.9312865497076024 0.3079922027290448 0.03782894736842105 0.06465237166991553
0 0.7149122807017544 0.50454840805718 0.029788011695906433 0.05263157894736842
0 0.4901315789473684 0.302956465237167 0.044042397660818716 0.07797270955165692
0 0.1301169590643275 0.9080571799870045 0.03782894736842105 0.06530214424951267
0 0.18804824561403508 0.9756335282651072 0.03983918128654971 0.04873294346978557
0 0.9722222222222222 0.04483430799220273 0.05116959064327485 0.08641975308641975
0 0.5104166666666666 0.7400909681611436 0.03289473684210526 0.058154645873944116
0 0.359375 0.5323261858349577 0.03654970760233918 0.06562703053931124
0 0.10142543859649122 0.8494152046783626 0.0266812865497076 0.04808317089018843
0 0.5432200292397661 0.6572449642625081 0.03125 0.05588044184535412
0 0.8063779239766082 0.4153671215074724 0.038559941520467836 0.06855100714749837
0 0.13505116959064328 0.5683885640025991 0.03289473684210526 0.0594541910331384
0 0.7381213450292398 0.6515594541910331 0.029788011695906433 0.05360623781676413
0 0.1154970760233918 0.2498375568551007 0.0402046783625731 0.07797270955165692
0 0.3170687134502924 0.583170890188434 0.04513888888888889 0.08447043534762833
0 0.1423611111111111 0.637264457439896 0.04057017543859649 0.0705003248862898
0 0.1924342105263158 0.31140350877192985 0.044956140350877194 0.08057179987004548
0 0.2147295321637427 0.6055880441845354 0.04788011695906433 0.08122157244964262
0 0.7634320175438597 0.8261858349577648 0.029788011695906433 0.051007147498375566
0 0.9014985380116959 0.6327160493827161 0.04111842105263158 0.07277452891487979
0 0.37737573099415206 0.9628005198180637 0.033808479532163746 0.0627030539311241
0 0.7859100877192983 0.3845029239766082 0.036366959064327485 0.0627030539311241
0 0.43795687134502925 0.7746913580246914 0.03271198830409357 0.06042884990253411
0 0.06990131578947369 0.17803768680961662 0.03782894736842105 0.0627030539311241
0 0.43411915204678364 0.9689733593242366 0.03892543859649123 0.06205328135152696
0 0.6457419590643275 0.8804418453541261 0.03837719298245614 0.06725146198830409
0 0.5261604532163743 0.7194574398960363 0.040515350877192984 0.07536387264457439
0 0.24643640350877194 0.5344379467186485 0.052083333333333336 0.08901884340480831
0 0.06076388888888889 0.8247238466536713 0.036366959064327485 0.06432748538011696
0 0.38742690058479534 0.36387264457439894 0.03326023391812866 0.0594541910331384
0 0.11567982456140351 0.8076673164392463 0.03490497076023392 0.06205328135152696
0 0.436312134502924 0.8983105912930475 0.031432748538011694 0.05555555555555555
0 0.9812682748538012 0.35753736192332686 0.037463450292397664 0.09974009096816114
0 0.2224049707602339 0.7002923976608187 0.0445906432748538 0.07764782326185835
0 0.4554093567251462 0.9095191682910981 0.02448830409356725 0.043209876543209874
0 0.4152046783625731 0.21393762183235868 0.044042397660818716 0.07439896036387264
0 0.8622076023391813 0.8112410656270306 0.03344298245614035 0.06042884990253411
0 0.5906432748538012 0.74545159194282 0.044956140350877194 0.08122157244964262
0 0.26690423976608185 0.951591942820013 0.03764619883040936 0.06790123456790123
0 0.09612573099415204 0.17413905133203378 0.04550438596491228 0.07602339181286549
0 0.1648391812865497 0.6041260558804419 0.03709795321637427 0.06302794022092267
0 0.17059576023391812 0.50682261208577 0.02631578947368421 0.04548408057179987
0 0.7846308479532164 0.3370695256660169 0.03234649122807018 0.05588044184535412
0 0.5951206140350878 0.23830409356725146 0.034722222222222224 0.06335282651072124
0 0.9261695906432749 0.7233593242365172 0.03289473684210526 0.05360623781676413
0 0.6969115497076024 0.21410006497725795 0.04733187134502924 0.08187134502923976
0 0.7942251461988304 0.12962962962962962 0.04422514619883041 0.08089668615984405
0 0.750639619883041 0.48424301494476935 0.03673245614035088 0.06757634827810266
0 0.5368238304093568 0.9696231319038336 0.030519005847953216 0.05523066926575698
0 0.2777777777777778 0.3206627680311891 0.03837719298245614 0.06660168940870695
0 0.5278691520467836 0.36712150747238464 0.04751461988304093 0.07894736842105263
0 0.8874269005847953 0.9725471085120208 0.03271198830409357 0.05490578297595841
0 0.3888888888888889 0.6871345029239766 0.025219298245614034 0.044184535412605586
0 0.7954130116959064 0.9233268356075374 0.03435672514619883 0.05977907732293697
0 0.1983735380116959 0.17738791423001948 0.03435672514619883 0.05880441845354126
0 0.17516447368421054 0.7041910331384016 0.035818713450292396 0.06010396361273554
0 0.679093567251462 0.44314489928525014 0.03453947368421053 0.06367771280051981
0 0.4329312865497076 0.8705328135152697 0.03289473684210526 0.0594541910331384
0 0.9620796783625731 0.9511046133853152 0.03618421052631579 0.06562703053931124
0 0.36449195906432746 0.44671864847303444 0.03307748538011696 0.05912930474333983
0 0.22167397660818713 0.7985705003248863 0.030153508771929825 0.0539311241065627
0 0.18612938596491227 0.5795971410006497 0.04075292397660819 0.06855100714749837
0 0.707328216374269 0.44135802469135804 0.0356359649122807 0.06140350877192982
0 0.29102704678362573 0.944769330734243 0.037463450292397664 0.06692657569850552
0 0.0752375730994152 0.2482943469785575 0.02454130116959064 0.04773879142300195
0 0.40707236842105265 0.1101364522417154 0.03399122807017544 0.056855100714749834
0 0.8417397660818714 0.6535087719298246 0.030884502923976608 0.05360623781676413
0 0.9661915204678363 0.7064652371669915 0.05281432748538012 0.08999350227420402
0 0.13084795321637427 0.4754710851202079 0.046600877192982455 0.07602339181286549
0 0.7365679824561403 0.7063027940220923 0.03892543859649123 0.06725146198830409
0 0.9122807017543859 0.11695906432748537 0.03654970760233918 0.06400259909031839
0 0.5374634502923976 0.09665367121507472 0.041849415204678365 0.07342430149447693
0 0.4184027777777778 0.3973359324236517 0.03874269005847953 0.06725146198830409
0 0.08104897660818713 0.7904483430799221 0.034722222222222224 0.05847953216374269
0 0.9882127192982456 0.6833983105912931 0.023391812865497075 0.04938271604938271
0 0.10489766081871345 0.4811565951916829 0.03490497076023392 0.06302794022092267
0 0.06076388888888889 0.4350227420402859 0.04331140350877193 0.07212475633528265
0 0.669499269005848 0.9233268356075374 0.03399122807017544 0.058154645873944116
0 0.564327485380117 0.5419103313840156 0.031615497076023395 0.057179987004548405
0 0.2322733918128655 0.2818388564002599 0.03033625730994152 0.05295646523716699
0 0.20851608187134502 0.5001624431448993 0.02448830409356725 0.043534762833008445
0 0.22870979532163743 0.8768680961663418 0.03728070175438596 0.06172839506172839
0 0.4731359649122807 0.9822936972059779 0.0356359649122807 0.03541260558804418
0 0.18320540935672514 0.4766081871345029 0.03234649122807018 0.05230669265756985
0 0.8618421052631579 0.12248213125406107 0.05007309941520468 0.08641975308641975
0 0.13934576023391812 0.19801819363222872 0.044407894736842105 0.07959714100064977
0 0.7914839181286549 0.6358024691358025 0.033808479532163746 0.06205328135152696
0 0.9701206140350878 0.1983430799220273 0.03234649122807018 0.05977907732293697
0 0.2727521929824561 0.8991228070175439 0.02850877192982456 0.0539311241065627
0 0.16767178362573099 0.29922027290448344 0.036915204678362575 0.0627030539311241
0 0.7150950292397661 0.46556205328135153 0.038011695906432746 0.06660168940870695
0 0.8506944444444444 0.4775828460038986 0.031432748538011694 0.05523066926575698
0 0.10489766081871345 0.9566276803118908 0.031432748538011694 0.05588044184535412
0 0.11010599415204679 0.14067576348278102 0.05062134502923977 0.08414554905782975
0 0.22807017543859648 0.22043534762833009 0.04148391812865497 0.0769980506822612
0 0.1543311403508772 0.06465237166991553 0.044956140350877194 0.08966861598440545
0 0.5265899122807017 0.060916179337231965 0.04057017543859649 0.0714749837556855
0 0.33637609649122807 0.1391552956465237 0.031101973684210527 0.062238466536712146
0 0.7020285087719298 0.8219623131903834 0.042214912280701754 0.07569850552306692
0 0.18832236842105263 0.7391163092917479 0.03070175438596491 0.05523066926575698
0 0.46271929824561403 0.8892137751786875 0.024305555555555556 0.043534762833008445
0 0.5822368421052632 0.7941845354126056 0.024671052631578948 0.043859649122807015
0 0.7492690058479532 0.8796296296296297 0.024853801169590642 0.04548408057179987
0 0.023026315789473683 0.6124106562703054 0.031432748538011694 0.05555555555555555
0 0.45038377192982454 0.11289798570500324 0.04513888888888889 0.07634827810266406
0 0.1358735380116959 0.7314814814814815 0.030153508771929825 0.05328135152696556
0 0.08296783625730994 0.5316764132553606 0.04788011695906433 0.07959714100064977
0 0.9722222222222222 0.5107212475633528 0.033808479532163746 0.056855100714749834
0 0.11567982456140351 0.7428525016244314 0.03874269005847953 0.06790123456790123
0 0.11092836257309942 0.2886614684860299 0.031432748538011694 0.05263157894736842
0 0.6163194444444444 0.33560753736192334 0.035818713450292396 0.06400259909031839
0 0.01964546783625731 0.0396361273554256 0.03929093567251462 0.07894736842105263
0 0.16511330409356725 0.9397335932423652 0.034722222222222224 0.05620532813515269
0 0.08388157894736842 0.8205003248862898 0.03344298245614035 0.057504873294346975
0 0.2168311403508772 0.42901234567901236 0.04093567251461988 0.07244964262508122
0 0.08141447368421052 0.9723846653671215 0.04842836257309942 0.05523066926575698
0 0.94828216374269 0.07228719948018193 0.03837719298245614 0.06692657569850552
0 0.8744517543859649 0.4566276803118908 0.039108187134502925 0.07179987004548408
0 0.3096673976608187 0.7426900584795322 0.031615497076023395 0.057179987004548405
0 0.28170687134502925 0.6778752436647173 0.03654970760233918 0.06660168940870695
0 0.6783625730994152 0.03931124106562703 0.03874269005847953 0.07179987004548408
0 0.01699561403508772 0.9636127355425601 0.033808479532163746 0.07277452891487979
0 0.4637244152046784 0.3153021442495127 0.04861111111111111 0.08901884340480831
0 0.08616593567251463 0.2191358024691358 0.03271198830409357 0.05458089668615984
0 0.9232456140350878 0.23489278752436646 0.05665204678362573 0.09844054580896686
0 0.8999451754385965 0.33560753736192334 0.03545321637426901 0.06237816764132553
0 0.6212536549707602 0.705003248862898 0.02631578947368421 0.04678362573099415
0 0.38514254385964913 0.1552956465237167 0.0360014619883041 0.06107862248213125
0 0.33241959064327486 0.9524041585445094 0.028691520467836257 0.050682261208576995
0 0.030519005847953216 0.4944769330734243 0.05116959064327485 0.08771929824561403
0 0.2341922514619883 0.3104288499025341 0.015716374269005847 0.02729044834307992
0 0.8892543859649122 0.3755685510071475 0.041301169590643276 0.07537361923326835
0 0.5603983918128655 0.050357374918778425 0.03709795321637427 0.06595191682910981
0 0.6870431286549707 0.6606562703053931 0.03307748538011696 0.05880441845354126
0 0.5635964912280702 0.16715399610136453 0.035818713450292396 0.06367771280051981
0 0.6422697368421053 0.4420077972709552 0.029239766081871343 0.051007147498375566
0 0.6684941520467836 0.9811565951916829 0.03252923976608187 0.037686809616634176
0 0.6622807017543859 0.5789473684210527 0.04203216374269006 0.07179987004548408
0 0.6341374269005848 0.9613385315139701 0.024853801169590642 0.04483430799220273
0 0.35736476608187134 0.6738141650422352 0.04075292397660819 0.07732293697205977
0 0.549890350877193 0.5903183885640026 0.03070175438596491 0.05588044184535412
0 0.8740862573099415 0.5285899935022742 0.03033625730994152 0.05555555555555555
0 0.13139619883040934 0.6946068875893437 0.039473684210526314 0.06660168940870695
0 0.6598135964912281 0.6080246913580247 0.041849415204678365 0.06920077972709551
0 0.5183662280701754 0.4163417803768681 0.036366959064327485 0.06400259909031839
0 0.1388888888888889 0.5255035737491878 0.037463450292397664 0.06530214424951267
0 0.4942434210526316 0.35071474983755685 0.029239766081871343 0.05165692007797271
0 0.558296783625731 0.2802144249512671 0.0360014619883041 0.06302794022092267
0 0.39647295321637427 0.9790448343079922 0.03929093567251462 0.04191033138401559
0 0.7923976608187134 0.17413905133203378 0.043859649122807015 0.07667316439246263
0 0.48391812865497075 0.022254710851202078 0.04312865497076023 0.044509421702404156
0 0.9033260233918129 0.21312540610786224 0.03709795321637427 0.06725146198830409
0 0.6624634502923976 0.3050682261208577 0.03344298245614035 0.05425601039636127
0 0.017635233918128657 0.35185185185185186 0.03527046783625731 0.08187134502923976
0 0.1669407894736842 0.5333008447043535 0.03435672514619883 0.05588044184535412
0 0.6149488304093568 0.8908382066276803 0.02942251461988304 0.05523066926575698
0 0.9830043859649122 0.41471734892787526 0.033808479532163746 0.08122157244964262
0 0.5538194444444444 0.20971410006497726 0.04203216374269006 0.07602339181286549
0 0.23702485380116958 0.029889538661468484 0.03344298245614035 0.0594541910331384
0 0.4303728070175439 0.3313840155945419 0.034722222222222224 0.06237816764132553
0 0.7002923976608187 0.7928849902534113 0.031980994152046784 0.05555555555555555
0 0.4691154970760234 0.6164717348927875 0.03070175438596491 0.05588044184535412
0 0.062225877192982455 0.5929174788823912 0.03307748538011696 0.057829759584145546
0 0.4921418128654971 0.5740740740740741 0.025767543859649123 0.0451591942820013
0 0.2738486842105263 0.6231319038336582 0.0445906432748538 0.07894736842105263
0 0.02942251461988304 0.8382066276803118 0.048793859649122806 0.08154645873944119
0 0.33808479532163743 0.5021117608836907 0.035818713450292396 0.06140350877192982
0 0.9870248538011696 0.9496426250812215 0.025950292397660817 0.07569850552306692
0 0.2364766081871345 0.4868421052631579 0.046600877192982455 0.07407407407407407
0 0.897843567251462 0.8715074723846654 0.03545321637426901 0.06075373619233268
0 0.04532163742690058 0.2214100064977258 0.04422514619883041 0.0769980506822612
0 0.25292397660818716 0.36907082521117607 0.044407894736842105 0.08674463937621832
0 0.8782894736842105 0.25633528265107214 0.03307748538011696 0.0594541910331384
0 0.547514619883041 0.148635477582846 0.03819444444444445 0.06887589343729694
0 0.7064144736842105 0.16666666666666666 0.04586988304093567 0.07472384665367121
0 0.7040387426900585 0.6965562053281351 0.03179824561403509 0.05490578297595841
0 0.8366228070175439 0.535899935022742 0.027777777777777776 0.050357374918778425
0 0.4540387426900585 0.25601039636127354 0.04733187134502924 0.08154645873944119
0 0.3590095029239766 0.12410656270305392 0.0402046783625731 0.08024691358024691
0 0.014437134502923976 0.30490578297595844 0.02887426900584795 0.05912930474333983
0 0.4118238304093567 0.05880441845354126 0.05226608187134503 0.08934372969460688
0 0.9157529239766082 0.443632228719948 0.042214912280701754 0.07602339181286549
0 0.05116959064327485 0.8856400259909032 0.047697368421052634 0.08219623131903833
0 0.9451754385964912 0.5908057179987004 0.03618421052631579 0.05847953216374269
0 0.49470029239766083 0.4819688109161793 0.026133040935672515 0.048408057179987
0 0.3065606725146199 0.6986679662118258 0.0447733918128655 0.08219623131903833
0 0.4622624269005848 0.4501299545159194 0.030519005847953216 0.05230669265756985
0 0.7122624269005848 0.6211825860948668 0.03764619883040936 0.06627680311890838
0 0.7707419590643275 0.12751786874593893 0.04093567251461988 0.07277452891487979
0 0.5356359649122807 0.02940220922677063 0.0402046783625731 0.05880441845354126
0 0.4492872807017544 0.7152371669915529 0.03435672514619883 0.0627030539311241
0 0.386421783625731 0.022092267706302793 0.047697368421052634 0.044184535412605586
0 0.038011695906432746 0.9741715399610137 0.04276315789473684 0.05165692007797271
0 0.5254020467836257 0.21929824561403508 0.044042397660818716 0.07959714100064977
0 0.5726425438596491 0.6812865497076024 0.029239766081871343 0.05295646523716699
0 0.7431469298245614 0.9093567251461988 0.030153508771929825 0.05328135152696556
0 0.8019919590643275 0.584307992202729 0.039473684210526314 0.0705003248862898
0 0.5042945906432749 0.023066926575698504 0.03490497076023392 0.04613385315139701
0 0.48739035087719296 0.6455490578297596 0.0222953216374269 0.04093567251461988
0 0.8098501461988304 0.3193632228719948 0.03618421052631579 0.06107862248213125
0 0.7525584795321637 0.35558804418453543 0.03234649122807018 0.05588044184535412
0 0.6666666666666666 0.3292722547108512 0.03271198830409357 0.05425601039636127
0 0.7412280701754386 0.9753086419753086 0.03344298245614035 0.04938271604938271
0 0.2578581871345029 0.20029239766081872 0.03728070175438596 0.07244964262508122
0 0.4777960526315789 0.5964912280701754 0.034173976608187134 0.05847953216374269
0 0.10124269005847954 0.9090318388564003 0.03527046783625731 0.06237816764132553
0 0.7639802631578947 0.28931124106562706 0.02887426900584795 0.05295646523716699
0 0.9001279239766082 0.09161793372319688 0.03892543859649123 0.06725146198830409
0 0.11430921052631579 0.6738141650422352 0.02942251461988304 0.05165692007797271
0 0.4924159356725146 0.5462962962962963 0.033625730994152045 0.05977907732293697
0 0.5105994152046783 0.8874269005847953 0.035818713450292396 0.06855100714749837
0 0.564327485380117 0.3689083820662768 0.05062134502923977 0.08512020792722547
0 0.9190423976608187 0.8265107212475633 0.043859649122807015 0.07894736842105263
0 0.9091739766081871 0.02940220922677063 0.04203216374269006 0.05847953216374269
0 0.8221856725146199 0.9775828460038987 0.03929093567251462 0.04483430799220273
0 0.8681469298245614 0.07472384665367121 0.03892543859649123 0.06562703053931124
0 0.0421235380116959 0.5925925925925926 0.030884502923976608 0.05328135152696556
0 0.9299159356725146 0.09324236517218973 0.044407894736842105 0.08024691358024691
0 0.13596491228070176 0.25064977257959714 0.04111842105263158 0.08512020792722547
0 0.5358187134502924 0.18437296946068876 0.03892543859649123 0.06595191682910981
0 0.930281432748538 0.3711825860948668 0.05317982456140351 0.09421702404158544
0 0.80765716374269 0.8377192982456141 0.025950292397660817 0.04808317089018843
0 0.46518640350877194 0.8460038986354775 0.033808479532163746 0.06042884990253411
0 0.6351425438596491 0.25064977257959714 0.027595029239766082 0.04905782975958414
0 0.8730811403508771 0.17884990253411306 0.05317982456140351 0.08447043534762833
0 0.9480994152046783 0.8833658219623132 0.04806286549707602 0.10038986354775828
0 0.7642543859649122 0.9398960363872645 0.03399122807017544 0.06335282651072124
0 0.7960526315789473 0.04126055880441845 0.049890350877192985 0.08187134502923976
0 0.9005847953216374 0.5833333333333334 0.04075292397660819 0.07115009746588694
0 0.625639619883041 0.03281351526965562 0.04093567251461988 0.06562703053931124
0 0.7683662280701754 0.6595191682910981 0.0400219298245614 0.08382066276803118
0 0.0651498538011696 0.02696556205328135 0.039473684210526314 0.05360623781676413
0 0.7377558479532164 0.4056205328135153 0.027046783625730993 0.050357374918778425
0 0.8406432748538012 0.5818713450292398 0.03307748538011696 0.05847953216374269
0 0.77640716374269 0.8447043534762833 0.03234649122807018 0.05588044184535412
0 0.2278874269005848 0.7290448343079922 0.034173976608187134 0.05523066926575698
0 0.2746710526315789 0.22043534762833009 0.0266812865497076 0.043534762833008445
0 0.38185307017543857 0.6346653671215075 0.03490497076023392 0.06075373619233268
0 0.2598684210526316 0.25276153346328784 0.024671052631578948 0.04256010396361273
0 0.6552448830409356 0.3864522417153996 0.03709795321637427 0.06432748538011696
0 0.11750730994152046 0.32244964262508125 0.03453947368421053 0.04905782975958414
0 0.9434393274853801 0.9811565951916829 0.039108187134502925 0.037686809616634176
0 0.26306652046783624 0.9824561403508771 0.03344298245614035 0.03508771929824561
0 0.21774488304093567 0.5367121507472384 0.029970760233918127 0.05230669265756985
0 0.359375 0.8978232618583496 0.036366959064327485 0.06725146198830409
0 0.6733369883040936 0.020955165692007796 0.0537280701754386 0.04191033138401559
0 0.09941520467836257 0.5700129954515919 0.0489766081871345 0.07829759584145549
0 0.23492324561403508 0.4533788174139051 0.034722222222222224 0.057179987004548405
0 0.7355628654970761 0.860461338531514 0.04057017543859649 0.07602339181286549
0 0.43028143274853803 0.556367771280052 0.03344298245614035 0.05977907732293697
0 0.008406432748538011 0.583170890188434 0.016812865497076022 0.06140350877192982
0 0.4830043859649123 0.6262183235867447 0.019736842105263157 0.03378817413905133
0 0.7510051169590644 0.6444119558154646 0.027777777777777776 0.050682261208576995
0 0.2393092105263158 0.13840155945419103 0.036366959064327485 0.0714749837556855
0 0.23976608187134502 0.34372969460688757 0.037463450292397664 0.06400259909031839
0 0.3368055555555556 0.4647498375568551 0.046052631578947366 0.08024691358024691
0 0.6076388888888888 0.040773229369720596 0.03654970760233918 0.06562703053931124
0 0.47925804093567254 0.6967186484730344 0.02503654970760234 0.04678362573099415
0 0.6278326023391813 0.10542560103963612 0.03709795321637427 0.06692657569850552
0 0.6216191520467836 0.5692007797270955 0.02850877192982456 0.048408057179987
0 0.8708881578947368 0.285899935022742 0.03490497076023392 0.06627680311890838
0 0.04842105263157894 0.10295646523716698 0.035928362573099414 0.071591942820013
0 0.5802266081871345 0.1341780376868096 0.031615497076023395 0.056855100714749834
0 0.6121162280701754 0.9228395061728395 0.02631578947368421 0.04645873944119558
0 0.2604166666666667 0.5640025990903184 0.036915204678362575 0.05977907732293697
0 0.15204678362573099 0.9819688109161794 0.028691520467836257 0.036062378167641324
0 0.7281615497076024 0.7641325536062378 0.03179824561403509 0.0594541910331384
0 0.6398026315789473 0.5233918128654971 0.028691520467836257 0.05230669265756985
0 0.1981907894736842 0.7649447693307343 0.03289473684210526 0.05360623781676413
0 0.3487755847953216 0.3732943469785575 0.036366959064327485 0.06562703053931124
0 0.04111842105263158 0.019980506822612085 0.04057017543859649 0.03996101364522417
0 0.46189692982456143 0.517056530214425 0.03234649122807018 0.05620532813515269
0 0.31295687134502925 0.9796946068875894 0.03289473684210526 0.04061078622482131
0 0.023391812865497075 0.21653671215074724 0.04258040935672515 0.07667316439246263
0 0.4522112573099415 0.8658219623131904 0.03527046783625731 0.06692657569850552
0 0.9883954678362573 0.12166991552956465 0.02320906432748538 0.0847953216374269
0 0.6619152046783626 0.8632228719948019 0.030153508771929825 0.05295646523716699
0 0.18503289473684212 0.6197205977907733 0.03892543859649123 0.06595191682910981
0 0.8985745614035088 0.41455490578297594 0.034722222222222224 0.05977907732293697
0 0.6528691520467836 0.7599090318388564 0.038011695906432746 0.07115009746588694
0 0.5708150584795322 0.1950942170240416 0.031615497076023395 0.0539311241065627
0 0.9713998538011696 0.1466861598440546 0.04148391812865497 0.07569850552306692
0 0.7829861111111112 0.8926250812215725 0.030884502923976608 0.05458089668615984
0 0.22139985380116958 0.07618583495776478 0.031615497076023395 0.05328135152696556
0 0.07867324561403509 0.699317738791423 0.04696637426900585 0.07537361923326835
0 0.42616959064327486 0.8037686809616634 0.02850877192982456 0.04808317089018843
0 0.8298611111111112 0.2974333983105913 0.030884502923976608 0.05588044184535412
0 0.6819261695906432 0.5828460038986355 0.026133040935672515 0.0451591942820013
0 0.4748720760233918 0.9546783625730995 0.030884502923976608 0.056530214424951264
0 0.3881578947368421 0.19574398960363873 0.03179824561403509 0.058154645873944116
0 0.013706140350877192 0.7435022742040286 0.027412280701754384 0.06335282651072124
0 0.9363121345029239 0.5198180636777128 0.03764619883040936 0.06335282651072124
0 0.8014437134502924 0.8819038336582197 0.04057017543859649 0.07212475633528265
0 0.09758771929824561 0.8282975958414555 0.027960526315789474 0.04938271604938271
0 0.8319627192982456 0.8786549707602339 0.026498538011695907 0.04645873944119558
0 0.6455592105263158 0.7748538011695907 0.03252923976608187 0.05490578297595841
0 0.9719480994152047 0.859324236517219 0.03490497076023392 0.06920077972709551
0 0.1829312865497076 0.5456465237166992 0.03673245614035088 0.06205328135152696
0 0.33689692982456143 0.09584145549057829 0.03837719298245614 0.06660168940870695
0 0.8006213450292398 0.07602339181286549 0.04111842105263158 0.07244964262508122
0 0.48391812865497075 0.5100714749837557 0.026133040935672515 0.04256010396361273
0 0.9584247076023392 0.3096166341780377 0.04331140350877193 0.07602339181286549
0 0.3748172514619883 0.9080571799870045 0.030153508771929825 0.057504873294346975
0 0.6736111111111112 0.8541260558804419 0.025950292397660817 0.04483430799220273
0 0.020285087719298246 0.5591293047433399 0.03782894736842105 0.06757634827810266
0 0.6793676900584795 0.07829759584145549 0.031067251461988302 0.057179987004548405
0 0.36330409356725146 0.656595191682911 0.033808479532163746 0.056855100714749834
0 0.5842470760233918 0.028914879792072773 0.03892543859649123 0.057829759584145546
0 0.9673793859649122 0.631578947368421 0.0356359649122807 0.0705003248862898
0 0.590734649122807 0.0769980506822612 0.02942251461988304 0.05328135152696556
0 0.7303545321637427 0.1617933723196881 0.031432748538011694 0.057504873294346975
0 0.25292397660818716 0.7860623781676414 0.03508771929824561 0.0627030539311241
0 0.575109649122807 0.09714100064977257 0.031615497076023395 0.05360623781676413
0 0.47514619883040937 0.5248538011695907 0.021198830409356724 0.038011695906432746
0 0.8410087719298246 0.023716699155295645 0.04842836257309942 0.04743339831059129
0 0.9911366959064327 0.4913905133203379 0.017726608187134504 0.05588044184535412
0 0.5136147660818714 0.9808317089018843 0.025767543859649123 0.03833658219623132
0 0.2538377192982456 0.14879792072774528 0.03983918128654971 0.07179987004548408
0 0.6212536549707602 0.39262508122157247 0.029239766081871343 0.05360623781676413
0 0.4887609649122807 0.9889538661468485 0.027412280701754384 0.022092267706302793
0 0.9144736842105263 0.9865172189733593 0.03344298245614035 0.02696556205328135
0 0.17288011695906433 0.8736192332683561 0.020650584795321638 0.04678362573099415
0 0.8771929824561403 0.6284925276153346 0.03654970760233918 0.06725146198830409
0 0.9904970760233918 0.9069200779727096 0.019005847953216373 0.06432748538011696
0 0.946546052631579 0.028914879792072773 0.04806286549707602 0.057829759584145546
0 0.8681469298245614 0.7194606887589343 0.030884502923976608 0.05458089668615984
0 0.38651315789473684 0.6590318388564003 0.0266812865497076 0.04873294346978557
0 0.9354897660818714 0.4727095516569201 0.052448830409356724 0.08966861598440545
0 0.985014619883041 0.6434372969460689 0.029970760233918127 0.05912930474333983
0 0.14437134502923976 0.8875893437296946 0.026133040935672515 0.04938271604938271
0 0.7015716374269005 0.9455815464587395 0.0360014619883041 0.06335282651072124
0 0.5852521929824561 0.9355100714749838 0.03399122807017544 0.05912930474333983
0 0.006944444444444444 0.5425601039636128 0.013888888888888888 0.03898635477582846
0 0.5986842105263158 0.0594541910331384 0.03289473684210526 0.056530214424951264
0 0.6048976608187134 0.5805717998700455 0.03289473684210526 0.05847953216374269
0 0.4053362573099415 0.30977907732293697 0.06487573099415204 0.11241065627030539
0 0.716922514619883 0.8862897985705003 0.03271198830409357 0.057829759584145546
0 0.4904970760233918 0.4407082521117609 0.027412280701754384 0.04743339831059129
0 0.8654970760233918 0.03476283300844704 0.04733187134502924 0.06952566601689408
0 0.396016081871345 0.8747563352826511 0.029605263157894735 0.05360623781676413
0 0.7610562865497076 0.7493502274204028 0.025950292397660817 0.04483430799220273
0 0.6601790935672515 0.06546458739441195 0.038011695906432746 0.06790123456790123
0 0.9196820175438597 0.8911630929174789 0.027046783625730993 0.04678362573099415
0 0.24342105263157895 0.18924626380766732 0.03728070175438596 0.06790123456790123
0 0.051443713450292396 0.46263807667316437 0.031615497076023395 0.05165692007797271
0 0.580500730994152 0.5458089668615984 0.02942251461988304 0.05555555555555555
0 0.8728983918128655 0.830896686159844 0.027595029239766082 0.04710851202079272
0 0.49141081871345027 0.7001299545159194 0.025767543859649123 0.04580896686159844
0 0.014528508771929825 0.25601039636127354 0.0266812865497076 0.03931124106562703
0 0.09594298245614036 0.8851526965562053 0.028326023391812866 0.04938271604938271
0 0.029788011695906433 0.7220597790773229 0.033808479532163746 0.05360623781676413
0 0.31487573099415206 0.14896036387264458 0.021198830409356724 0.037686809616634176
0 0.7681834795321637 0.014782326185834957 0.05665204678362573 0.029564652371669914
0 0.7195723684210527 0.9790448343079922 0.0447733918128655 0.04191033138401559
0 0.19873903508771928 0.12085769980506822 0.02503654970760234 0.057829759584145546
0 0.062134502923976605 0.23960363872644574 0.021198830409356724 0.03898635477582846
0 0.10809576023391813 0.6064002599090318 0.0268640350877193 0.04873294346978557
0 0.5890899122807017 0.5310266406757634 0.02850877192982456 0.04873294346978557
0 0.6894188596491229 0.5383365821962314 0.027777777777777776 0.051332033788174136
0 0.9419773391812866 0.7090643274853801 0.026498538011695907 0.048408057179987
0 0.9127375730994152 0.9571150097465887 0.03070175438596491 0.051332033788174136
0 0.5117872807017544 0.9899285250162443 0.02905701754385965 0.02014294996751137
0 0.2608735380116959 0.6552956465237167 0.027046783625730993 0.04613385315139701
0 0.41499817251461985 0.8524593892137752 0.037328216374269 0.06457115009746589
0 0.13112207602339182 0.985217673814165 0.04312865497076023 0.029564652371669914
0 0.2431469298245614 0.9371345029239766 0.030519005847953216 0.05328135152696556
0 0.6394371345029239 0.08869395711500974 0.03234649122807018 0.06140350877192982
0 0.04075292397660819 0.9350227420402859 0.03289473684210526 0.05588044184535412
0 0.2734831871345029 0.8624106562703054 0.023391812865497075 0.04256010396361273
0 0.21454678362573099 0.5719623131903834 0.02631578947368421 0.042884990253411304
0 0.41913377192982454 0.9142300194931774 0.03326023391812866 0.057179987004548405
0 0.3321454678362573 0.39522417153996103 0.05135233918128655 0.07602339181286549
0 0.18841374269005848 0.9291747888239116 0.029605263157894735 0.051007147498375566
0 0.5275036549707602 0.895224171539961 0.03435672514619883 0.06530214424951267
0 0.06642909356725146 0.6323911630929174 0.036366959064327485 0.06010396361273554
0 0.0911001461988304 0.7194606887589343 0.03344298245614035 0.058154645873944116
0 0.30564692982456143 0.9574398960363872 0.031067251461988302 0.056855100714749834
0 0.6652046783625731 0.7235217673814165 0.023574561403508772 0.04256010396361273
0 0.8109466374269005 0.5003248862897985 0.034173976608187134 0.0594541910331384
0 0.9851059941520468 0.732943469785575 0.029788011695906433 0.05977907732293697
0 0.12545687134502925 0.5303768680961664 0.027777777777777776 0.049707602339181284
0 0.07227704678362573 0.9446068875893437 0.044956140350877194 0.06692657569850552
0 0.8983004385964912 0.7548732943469786 0.03289473684210526 0.0539311241065627
0 0.5726425438596491 0.349090318388564 0.03344298245614035 0.058154645873944116
0 0.5784904970760234 0.75909681611436 0.029605263157894735 0.05230669265756985
0 0.5953033625730995 0.9507797270955166 0.05482456140350877 0.09844054580896686
0 0.27010233918128657 0.6000649772579597 0.03618421052631579 0.057179987004548405
0 0.234375 0.9855425601039636 0.03070175438596491 0.028914879792072773
0 0.13450292397660818 0.7956465237166992 0.03673245614035088 0.06530214424951267
0 0.3603801169590643 0.9847303443794672 0.03125 0.030539311241065625
0 0.010051169590643274 0.13596491228070176 0.02010233918128655 0.08187134502923976
0 0.8206323099415205 0.40708252111760884 0.031980994152046784 0.05588044184535412
0 0.09164839181286549 0.43226120857699807 0.023940058479532164 0.03931124106562703
0 0.474141081871345 0.9228395061728395 0.03179824561403509 0.056530214424951264
0 0.7084247076023392 0.5781351526965562 0.027046783625730993 0.044509421702404156
0 0.4628106725146199 0.6963937621832359 0.030153508771929825 0.05458089668615984
0 0.4613486842105263 0.19769330734243015 0.03983918128654971 0.06952566601689408
0 0.3159722222222222 0.12816764132553607 0.02503654970760234 0.04548408057179987
0 0.850968567251462 0.9644249512670565 0.0356359649122807 0.06172839506172839
0 0.9913194444444444 0.853638726445744 0.017361111111111112 0.07407407407407407
0 0.9327485380116959 0.7506497725795972 0.03289473684210526 0.05328135152696556
0 0.08241959064327485 0.6125730994152047 0.031615497076023395 0.05490578297595841
0 0.07574926900584796 0.3393437296946069 0.023940058479532164 0.03216374269005848
0 0.763797514619883 0.4106562703053931 0.03125 0.05458089668615984
0 0.58296783625731 0.6759259259259259 0.029239766081871343 0.05588044184535412
0 0.38687865497076024 0.06773879142300195 0.029788011695906433 0.056530214424951264
0 0.26745248538011696 0.42105263157894735 0.03399122807017544 0.06302794022092267
0 0.08369883040935673 0.352501624431449 0.020285087719298246 0.036387264457439894
0 0.09877558479532164 0.6169590643274854 0.025767543859649123 0.048408057179987
0 0.5256761695906432 0.5038986354775828 0.03033625730994152 0.051332033788174136
0 0.9588815789473685 0.39246263807667314 0.04349415204678363 0.07732293697205977
0 0.8819444444444444 0.547270955165692 0.03271198830409357 0.056855100714749834
0 0.05884502923976608 0.6811241065627031 0.03179824561403509 0.057179987004548405
0 0.07401315789473684 0.8981481481481481 0.039656432748538015 0.07472384665367121
0 0.09713084795321637 0.3775178687459389 0.021929824561403508 0.03313840155945419
0 0.5922880116959064 0.8841780376868096 0.028691520467836257 0.05263157894736842
0 0.06533260233918128 0.5151072124756335 0.030519005847953216 0.05230669265756985
0 0.01827485380116959 0.2821637426900585 0.02887426900584795 0.043209876543209874
0 0.7959612573099415 0.8754061078622483 0.028143274853801168 0.05198180636777128
0 0.7101608187134503 0.9022092267706303 0.04861111111111111 0.08154645873944119
0 0.46920687134502925 0.5662768031189084 0.029605263157894735 0.0539311241065627
0 0.47715643274853803 0.45159194282001297 0.027046783625730993 0.04710851202079272
0 0.03929093567251462 0.8078297595841456 0.022112573099415205 0.037037037037037035
0 0.9404239766081871 0.8369070825211176 0.03179824561403509 0.05425601039636127
0 0.6388888888888888 0.98862897985705 0.03654970760233918 0.022742040285899934
0 0.39263523391812866 0.7594217024041585 0.017909356725146198 0.03541260558804418
0 0.4184027777777778 0.015594541910331383 0.04751461988304093 0.031189083820662766
0 0.9007675438596491 0.8323586744639376 0.02905701754385965 0.050682261208576995
0 0.4938779239766082 0.6757634827810266 0.025767543859649123 0.04548408057179987
0 0.941703216374269 0.8648473034437947 0.0403874269005848 0.06660168940870695
0 0.13623903508771928 0.8162768031189084 0.028326023391812866 0.04580896686159844
0 0.642452485380117 0.39067576348278105 0.030884502923976608 0.05555555555555555
0 0.5297880116959064 0.9889538661468485 0.031067251461988302 0.022092267706302793
0 0.6313048245614035 0.1476608187134503 0.03234649122807018 0.056530214424951264
0 0.9937865497076024 0.18908382066276802 0.012244152046783625 0.06595191682910981
0 0.9938779239766082 0.22530864197530864 0.012244152046783625 0.07309941520467836
0 0.7851790935672515 0.1608187134502924 0.029605263157894735 0.050032488628979854
0 0.17479897660818713 0.4327485380116959 0.027960526315789474 0.049707602339181284
0 0.8154239766081871 0.02794022092267706 0.062317251461988306 0.05588044184535412
0 0.008680555555555556 0.865009746588694 0.017361111111111112 0.06465237166991553
0 0.5187317251461988 0.8021442495126706 0.027777777777777776 0.05295646523716699
0 0.919499269005848 0.26591942820013 0.03819444444444445 0.0627030539311241
0 0.549250730994152 0.9915529564652371 0.03307748538011696 0.016894087069525665
0 0.45741959064327486 0.1421377517868746 0.03307748538011696 0.05880441845354126
0 0.6029788011695907 0.8973359324236517 0.02722953216374269 0.048408057179987
0 0.48638523391812866 0.8148148148148148 0.03399122807017544 0.06692657569850552
0 0.9285453216374269 0.780214424951267 0.031432748538011694 0.05490578297595841
0 0.5535453216374269 0.2966211825860949 0.02905701754385965 0.04775828460038986
0 0.5998720760233918 0.9186159844054581 0.02942251461988304 0.04938271604938271
0 0.8790204678362573 0.20873944119558155 0.041666666666666664 0.06887589343729694
0 0.5837902046783626 0.3819038336582196 0.033625730994152045 0.06692657569850552
0 0.8624817251461988 0.496588693957115 0.033808479532163746 0.06205328135152696
0 0.0651498538011696 0.3633853151397011 0.023026315789473683 0.03833658219623132
0 0.970577485380117 0.8136777128005198 0.03929093567251462 0.0649772579597141
0 0.5768457602339181 0.7324561403508771 0.02448830409356725 0.044184535412605586
0 0.21582602339181287 0.4670240415854451 0.024671052631578948 0.04223521767381416
0 0.47514619883040937 0.14359974009096815 0.04258040935672515 0.07602339181286549
0 0.8278508771929824 0.7209226770630279 0.025584795321637425 0.04743339831059129
0 0.35918676900584795 0.9574139051332035 0.027010233918128658 0.05628979857050032
0 0.39194627192982456 0.8224496426250812 0.024972587719298247 0.047543859649122805
0 0.07483187134502925 0.10489603638726445 0.0357547514619883 0.06073424301494477
0 0.7418969298245613 0.812729044834308 0.032510964912280706 0.038966861598440546
0 0.9719901315789473 0.25504223521767383 0.03485745614035088 0.04531513970110461
0 0.7430427631578947 0.050415854450942175 0.040946637426900585 0.06269330734243014